NONE
2
NONE
NONE
u5
 10 
 8 
 0            ,              2 
 2            ,              0 
 2            ,              0 
 2            ,              0 
 2            ,              0 
 2            ,              0 
 2            ,              0 
 2            ,              0 
 2            ,              0 
 2            ,              0 
 2            ,              0 
 2            ,              0 
 2            ,              0 
 2            ,              0 
 2            ,              0 
 2            ,              0 
 2            ,              0 
 2            ,              0 
 2            ,              0 
 2            ,              0 
 0            ,              2 
 2            ,              0 
 2            ,              0 
 2            ,              0 
 2            ,              0 
 2            ,              0 
 2            ,              0 
 2            ,              0 
 2            ,              0 
 2            ,              0 
 2            ,              0 
 2            ,              0 
 2            ,              0 
 2            ,              0 
 2            ,              0 
 2            ,              0 
 2            ,              0 
 2            ,              0 
 2            ,              0 
 2            ,              0 
 2            ,              0 
 5            ,              2 
 2            ,              0 
 2            ,              0 
 2            ,              42 
 2            ,              42 
 2            ,              42 
 2            ,              42 
 2            ,              42 
 2            ,              42 
 2            ,              42 
 2            ,              42 
 2            ,              42 
 2            ,              42 
 2            ,              42 
 2            ,              42 
 2            ,              0 
 2            ,              0 
 2            ,              0 
 2            ,              0 
 2            ,              0 
 0            ,              2 
 2            ,              0 
 2            ,              33 
 0            ,              5 
 5            ,              22 
 5            ,              22 
 5            ,              22 
 5            ,              22 
 5            ,              22 
 5            ,              22 
 5            ,              22 
 5            ,              22 
 5            ,              22 
 5            ,              22 
 5            ,              0 
 2            ,              34 
 2            ,              0 
 2            ,              0 
 2            ,              0 
 2            ,              0 
 0            ,              2 
 2            ,              33 
 5            ,              0 
 5            ,              29 
 1            ,              0 
 1            ,              0 
 1            ,              0 
 1            ,              0 
 1            ,              0 
 1            ,              11 
 1            ,              0 
 1            ,              0 
 1            ,              0 
 1            ,              0 
 5            ,              30 
 5            ,              0 
 2            ,              34 
 2            ,              0 
 2            ,              0 
 2            ,              0 
 2            ,              43 
 5            ,              0 
 5            ,              29 
 1            ,              0 
 1            ,              4 
 1            ,              4 
 1            ,              25 
 6            ,              11 
 6            ,              0 
 6            ,              0 
 6            ,              11 
 1            ,              26 
 1            ,              4 
 1            ,              4 
 1            ,              0 
 5            ,              30 
 5            ,              0 
 2            ,              44 
 2            ,              0 
 2            ,              0 
 2            ,              43 
 5            ,              23 
 1            ,              0 
 1            ,              3 
 1            ,              3 
 0            ,              1 
 6            ,              22 
 6            ,              22 
 14           ,              22 
 6            ,              22 
 6            ,              22 
 6            ,              22 
 1            ,              0 
 1            ,              3 
 1            ,              3 
 1            ,              0 
 5            ,              24 
 2            ,              44 
 2            ,              0 
 2            ,              0 
 2            ,              43 
 5            ,              0 
 5            ,              31 
 1            ,              11 
 1            ,              0 
 1            ,              0 
 0            ,              1 
 1            ,              0 
 1            ,              0 
 1            ,              0 
 1            ,              11 
 1            ,              0 
 1            ,              0 
 1            ,              0 
 1            ,              0 
 5            ,              32 
 5            ,              0 
 2            ,              44 
 2            ,              0 
 2            ,              0 
 2            ,              0 
 2            ,              35 
 5            ,              0 
 5            ,              31 
 1            ,              0 
 1            ,              0 
 1            ,              11 
 1            ,              0 
 1            ,              0 
 1            ,              0 
 1            ,              0 
 1            ,              0 
 1            ,              0 
 1            ,              0 
 5            ,              32 
 5            ,              0 
 2            ,              36 
 2            ,              0 
 2            ,              0 
 2            ,              0 
 2            ,              0 
 2            ,              0 
 2            ,              35 
 5            ,              0 
 5            ,              21 
 5            ,              21 
 5            ,              21 
 1            ,              34 
 1            ,              0 
 1            ,              11 
 1            ,              33 
 5            ,              21 
 5            ,              21 
 5            ,              21 
 5            ,              0 
 2            ,              36 
 2            ,              0 
 2            ,              0 
 2            ,              0 
 2            ,              0 
 2            ,              0 
 2            ,              0 
 2            ,              0 
 2            ,              41 
 2            ,              41 
 2            ,              41 
 2            ,              41 
 2            ,              35 
 5            ,              31 
 5            ,              32 
 2            ,              36 
 2            ,              41 
 2            ,              41 
 2            ,              41 
 2            ,              41 
 2            ,              0 
 2            ,              0 
 2            ,              0 
 2            ,              0 
 2            ,              0 
 2            ,              0 
 2            ,              0 
 2            ,              0 
 2            ,              0 
 2            ,              0 
 2            ,              0 
 2            ,              0 
 2            ,              43 
 0            ,              5 
 5            ,              0 
 2            ,              44 
 2            ,              0 
 2            ,              0 
 2            ,              0 
 2            ,              0 
 2            ,              0 
 2            ,              0 
 2            ,              0 
 2            ,              0 
2
2
2
2
2
2
2
2
2
2
2
2
2
2
2
2
2
2
2
2
2
2
2
2
2
2
2
2
2
2
2
2
2
2
2
2
2
2
2
2
2
2
2
2
2
2
2
2
2
2
2
2
2
2
2
2
2
2
2
2
2
2
2
2
1
1
1
1
1
1
1
1
1
1
1
1
2
2
2
2
2
2
2
1
1
1
1
1
1
b
1
1
1
1
1
1
1
2
2
2
2
2
1
1
1
2
2
2
2
2
2
2
2
2
2
1
1
1
2
2
2
2
1
1
2
2
b
2
2
3
2
2
2
b
2
2
1
1
2
2
2
2
1
1
1
1
1
1
1
1
1
1
1
1
1
1
1
1
2
2
2
2
2
1
1
1
1
1
1
1
1
1
h
1
1
1
1
2
2
2
2
2
2
2
1
1
1
1
1
1
1
1
1
1
1
1
2
2
2
2
2
2
2
2
2
2
2
2
2
1
1
2
2
2
2
2
2
2
2
2
2
2
2
2
2
2
2
2
2
1
1
2
2
2
2
2
2
2
2
2
SET.1



.Enter the cave.......                         At your own risk!




