8
NONE
NONE
14
NONE
 14 
 2 
 2            ,              0 
 2            ,              0 
 2            ,              0 
 2            ,              0 
 2            ,              0 
 2            ,              0 
 2            ,              0 
 2            ,              0 
 2            ,              0 
 5            ,              20 
 5            ,              16 
 5            ,              0 
 5            ,              11 
 5            ,              0 
 5            ,              0 
 5            ,              0 
 5            ,              0 
 5            ,              0 
 5            ,              0 
 5            ,              0 
 2            ,              0 
 2            ,              0 
 2            ,              0 
 2            ,              0 
 2            ,              0 
 2            ,              0 
 2            ,              0 
 2            ,              0 
 2            ,              0 
 5            ,              20 
 5            ,              0 
 5            ,              0 
 5            ,              0 
 5            ,              0 
 5            ,              0 
 5            ,              0 
 5            ,              0 
 5            ,              11 
 5            ,              0 
 5            ,              0 
 2            ,              0 
 2            ,              0 
 2            ,              0 
 2            ,              0 
 2            ,              0 
 2            ,              0 
 2            ,              0 
 2            ,              0 
 2            ,              0 
 5            ,              20 
 5            ,              0 
 5            ,              0 
 5            ,              0 
 5            ,              0 
 5            ,              11 
 5            ,              0 
 5            ,              0 
 5            ,              0 
 5            ,              0 
 5            ,              0 
 2            ,              0 
 2            ,              0 
 2            ,              0 
 2            ,              0 
 2            ,              0 
 2            ,              0 
 2            ,              0 
 2            ,              0 
 2            ,              0 
 5            ,              20 
 6            ,              36 
 6            ,              41 
 6            ,              41 
 6            ,              41 
 6            ,              41 
 6            ,              41 
 6            ,              41 
 6            ,              35 
 5            ,              0 
 5            ,              16 
 2            ,              0 
 2            ,              0 
 2            ,              0 
 2            ,              0 
 2            ,              0 
 2            ,              0 
 2            ,              0 
 2            ,              0 
 2            ,              0 
 6            ,              20 
 6            ,              0 
 6            ,              0 
 6            ,              0 
 6            ,              11 
 6            ,              0 
 6            ,              0 
 6            ,              0 
 6            ,              0 
 5            ,              0 
 5            ,              0 
 2            ,              0 
 2            ,              0 
 2            ,              0 
 2            ,              0 
 2            ,              0 
 2            ,              0 
 2            ,              0 
 2            ,              0 
 2            ,              0 
 6            ,              20 
 6            ,              0 
 6            ,              0 
 6            ,              0 
 6            ,              0 
 6            ,              0 
 6            ,              0 
 6            ,              11 
 6            ,              0 
 5            ,              26 
 5            ,              0 
 2            ,              0 
 2            ,              0 
 2            ,              0 
 2            ,              0 
 2            ,              0 
 2            ,              0 
 2            ,              0 
 2            ,              0 
 2            ,              0 
 6            ,              20 
 6            ,              0 
 6            ,              0 
 6            ,              11 
 6            ,              0 
 6            ,              0 
 6            ,              0 
 6            ,              0 
 6            ,              0 
 6            ,              0 
 6            ,              41 
 2            ,              0 
 2            ,              0 
 2            ,              0 
 2            ,              0 
 2            ,              0 
 2            ,              0 
 2            ,              0 
 2            ,              0 
 2            ,              0 
 6            ,              20 
 6            ,              11 
 6            ,              0 
 6            ,              0 
 6            ,              0 
 6            ,              0 
 6            ,              0 
 6            ,              0 
 6            ,              0 
 6            ,              0 
 6            ,              0 
 2            ,              0 
 2            ,              0 
 2            ,              0 
 2            ,              0 
 2            ,              0 
 2            ,              0 
 2            ,              0 
 2            ,              0 
 2            ,              0 
 6            ,              38 
 6            ,              18 
 6            ,              18 
 6            ,              0 
 6            ,              0 
 6            ,              0 
 6            ,              0 
 6            ,              11 
 6            ,              0 
 6            ,              11 
 6            ,              0 
 2            ,              0 
 2            ,              0 
 2            ,              0 
 2            ,              0 
 2            ,              0 
 2            ,              0 
 2            ,              0 
 2            ,              0 
 2            ,              0 
 2            ,              0 
 2            ,              0 
 2            ,              0 
 6            ,              38 
 6            ,              18 
 6            ,              18 
 6            ,              18 
 6            ,              0 
 6            ,              0 
 6            ,              0 
 6            ,              0 
 2            ,              0 
 2            ,              0 
 2            ,              0 
 2            ,              0 
 2            ,              0 
 2            ,              0 
 2            ,              0 
 2            ,              0 
 2            ,              0 
 2            ,              0 
 2            ,              0 
 2            ,              0 
 2            ,              0 
 2            ,              0 
 2            ,              0 
 2            ,              0 
 6            ,              38 
 6            ,              18 
 6            ,              18 
 6            ,              18 
 2            ,              0 
 2            ,              0 
 2            ,              0 
 2            ,              0 
 2            ,              0 
 2            ,              0 
 2            ,              0 
 2            ,              0 
 2            ,              0 
 6            ,              40 
 6            ,              17 
 6            ,              17 
 6            ,              17 
 6            ,              17 
 6            ,              39 
 2            ,              0 
 2            ,              0 
 2            ,              0 
 2            ,              0 
 2            ,              0 
2
2
2
2
2
2
2
2
2
1
2
1
1
1
1
1
1
1
1
1
2
2
2
2
2
2
2
2
2
1
1
1
1
1
1
1
1
1
1
1
2
2
2
2
2
2
2
2
2
1
a
1
1
1
1
1
1
1
1
1
2
2
2
2
2
2
2
2
2
1
1
2
2
2
2
2
2
2
a
2
2
2
2
2
2
2
2
2
2
2
2
2
2
2
2
2
2
2
1
1
2
2
2
2
2
2
2
2
2
2
2
2
2
2
2
2
2
2
2
1
2
2
2
2
2
2
2
2
2
2
2
2
2
2
2
2
2
2
2
2
2
2
2
2
2
2
2
2
2
2
2
2
2
2
2
2
2
2
2
2
2
2
2
2
2
2
2
2
2
2
2
2
2
2
2
2
2
2
2
2
2
2
2
2
2
2
2
2
2
2
2
2
2
2
2
2
2
2
2
2
2
2
2
2
2
2
2
2
2
2
2
2
2
2
2
2
2
2
2
2
2
2
2
2
2
2
2
2
2
2
2
2
2
2
2
2
2
2
2
2
SET.1








