4
15
14
13
u4
 3 
 8 
 2            ,              0 
 2            ,              0 
 2            ,              31 
 1            ,              0 
 1            ,              0 
 1            ,              0 
 1            ,              0 
 1            ,              0 
 1            ,              0 
 1            ,              0 
 1            ,              0 
 1            ,              0 
 1            ,              0 
 1            ,              0 
 1            ,              0 
 1            ,              0 
 1            ,              0 
 1            ,              0 
 1            ,              0 
 1            ,              3 
 2            ,              0 
 2            ,              0 
 2            ,              0 
 2            ,              21 
 1            ,              38 
 1            ,              3 
 1            ,              0 
 1            ,              0 
 1            ,              0 
 1            ,              0 
 1            ,              0 
 1            ,              0 
 1            ,              0 
 1            ,              0 
 1            ,              4 
 1            ,              0 
 1            ,              0 
 1            ,              0 
 1            ,              0 
 1            ,              4 
 2            ,              0 
 2            ,              29 
 1            ,              17 
 2            ,              30 
 2            ,              0 
 1            ,              38 
 1            ,              0 
 1            ,              0 
 1            ,              0 
 1            ,              0 
 1            ,              0 
 1            ,              3 
 1            ,              0 
 1            ,              0 
 1            ,              0 
 1            ,              0 
 1            ,              3 
 1            ,              0 
 1            ,              0 
 1            ,              0 
 1            ,              40 
 1            ,              42 
 1            ,              42 
 1            ,              42 
 1            ,              39 
 2            ,              0 
 1            ,              4 
 1            ,              0 
 1            ,              0 
 1            ,              3 
 1            ,              0 
 1            ,              0 
 1            ,              0 
 1            ,              0 
 1            ,              0 
 1            ,              0 
 1            ,              0 
 1            ,              0 
 1            ,              0 
 1            ,              0 
 1            ,              43 
 5            ,              25 
 6            ,              0 
 5            ,              26 
 1            ,              44 
 2            ,              30 
 1            ,              38 
 1            ,              0 
 1            ,              0 
 1            ,              0 
 1            ,              0 
 1            ,              0 
 1            ,              0 
 1            ,              0 
 1            ,              0 
 1            ,              0 
 1            ,              0 
 1            ,              0 
 1            ,              3 
 1            ,              0 
 1            ,              43 
 6            ,              0 
 6            ,              11 
 6            ,              0 
 1            ,              44 
 1            ,              19 
 2            ,              23 
 1            ,              3 
 1            ,              0 
 1            ,              18 
 1            ,              18 
 1            ,              0 
 1            ,              0 
 1            ,              0 
 1            ,              0 
 1            ,              0 
 1            ,              0 
 1            ,              0 
 1            ,              0 
 1            ,              0 
 1            ,              43 
 5            ,              27 
 14           ,              0 
 5            ,              28 
 1            ,              44 
 1            ,              19 
 2            ,              23 
 1            ,              18 
 1            ,              18 
 1            ,              20 
 1            ,              0 
 1            ,              0 
 1            ,              3 
 1            ,              0 
 1            ,              0 
 1            ,              0 
 1            ,              0 
 1            ,              0 
 1            ,              0 
 1            ,              0 
 1            ,              0 
 1            ,              41 
 1            ,              41 
 1            ,              41 
 1            ,              0 
 2            ,              32 
 2            ,              23 
 1            ,              4 
 1            ,              17 
 1            ,              0 
 1            ,              0 
 1            ,              0 
 1            ,              0 
 1            ,              0 
 1            ,              0 
 1            ,              0 
 1            ,              4 
 1            ,              0 
 1            ,              0 
 1            ,              4 
 1            ,              18 
 1            ,              0 
 1            ,              0 
 1            ,              0 
 1            ,              37 
 2            ,              0 
 1            ,              40 
 1            ,              0 
 1            ,              0 
 1            ,              3 
 1            ,              0 
 1            ,              0 
 1            ,              0 
 1            ,              0 
 1            ,              0 
 1            ,              0 
 1            ,              0 
 1            ,              0 
 1            ,              0 
 1            ,              3 
 2            ,              0 
 2            ,              31 
 1            ,              18 
 2            ,              32 
 2            ,              0 
 1            ,              40 
 1            ,              4 
 1            ,              0 
 1            ,              0 
 1            ,              0 
 1            ,              0 
 1            ,              0 
 1            ,              3 
 1            ,              0 
 1            ,              0 
 1            ,              0 
 1            ,              0 
 1            ,              0 
 1            ,              4 
 1            ,              3 
 2            ,              0 
 2            ,              0 
 2            ,              0 
 2            ,              22 
 1            ,              40 
 1            ,              3 
 1            ,              0 
 1            ,              0 
 1            ,              0 
 1            ,              0 
 1            ,              0 
 1            ,              0 
 1            ,              0 
 1            ,              0 
 1            ,              3 
 1            ,              0 
 1            ,              0 
 1            ,              3 
 1            ,              4 
 1            ,              3 
 2            ,              0 
 2            ,              0 
 1            ,              40 
 1            ,              4 
 1            ,              0 
 1            ,              0 
 1            ,              0 
 1            ,              0 
 1            ,              0 
 1            ,              0 
 1            ,              0 
 1            ,              0 
 1            ,              0 
 1            ,              0 
 1            ,              0 
 1            ,              0 
 1            ,              0 
 1            ,              3 
 1            ,              4 
 1            ,              4 
2
2
1
1
1
1
1
1
1
1
1
1
1
1
1
1
1
1
1
2
2
2
2
2
2
2
1
1
1
1
1
1
1
1
2
1
1
1
1
2
2
2
1
2
2
2
1
1
a
1
1
2
1
1
1
1
2
1
1
1
2
1
1
1
2
2
2
1
1
2
1
1
1
1
1
1
1
1
1
1
1
2
2
2
1
2
2
1
1
1
1
1
1
1
1
1
a
1
2
1
1
2
2
2
1
1
2
2
1
1
1
1
1
a
1
1
1
1
1
1
1
2
3
2
1
1
2
1
1
1
a
1
2
1
1
1
1
1
1
1
1
1
1
1
1
2
2
2
1
1
1
1
1
1
1
1
2
1
1
2
1
1
1
1
2
2
2
1
1
2
1
1
1
1
1
1
1
1
1
2
2
2
1
2
2
2
2
1
a
1
1
1
2
1
1
1
1
1
2
2
2
2
2
2
2
2
1
1
1
1
1
1
1
1
2
1
1
2
2
2
2
2
2
2
1
1
1
1
1
1
1
1
1
1
1
1
1
2
2
2
SET.1








