13
NONE
NONE
NONE
b1
 12 
 7 
 1            ,              3 
 1            ,              4 
 1            ,              3 
 1            ,              4 
 1            ,              4 
 1            ,              3 
 1            ,              4 
 1            ,              3 
 1            ,              0 
 1            ,              0 
 1            ,              0 
 1            ,              0 
 1            ,              0 
 1            ,              0 
 1            ,              0 
 1            ,              0 
 1            ,              0 
 1            ,              0 
 2            ,              24 
 2            ,              0 
 1            ,              3 
 1            ,              4 
 1            ,              4 
 1            ,              3 
 1            ,              3 
 1            ,              3 
 1            ,              4 
 1            ,              0 
 1            ,              0 
 1            ,              0 
 1            ,              0 
 1            ,              0 
 1            ,              0 
 1            ,              0 
 1            ,              0 
 1            ,              0 
 1            ,              0 
 1            ,              0 
 2            ,              24 
 2            ,              0 
 5            ,              3 
 1            ,              4 
 1            ,              3 
 1            ,              3 
 1            ,              4 
 1            ,              4 
 1            ,              4 
 1            ,              0 
 9            ,              0 
 9            ,              0 
 9            ,              0 
 9            ,              0 
 9            ,              0 
 9            ,              0 
 9            ,              0 
 1            ,              0 
 1            ,              0 
 1            ,              0 
 2            ,              30 
 2            ,              0 
 5            ,              38 
 5            ,              4 
 1            ,              4 
 1            ,              3 
 1            ,              3 
 1            ,              4 
 1            ,              0 
 1            ,              0 
 9            ,              0 
 9            ,              0 
 9            ,              0 
 9            ,              0 
 9            ,              0 
 9            ,              0 
 9            ,              0 
 1            ,              0 
 1            ,              0 
 1            ,              0 
 1            ,              19 
 2            ,              0 
 2            ,              43 
 5            ,              16 
 5            ,              4 
 5            ,              3 
 1            ,              4 
 1            ,              0 
 1            ,              0 
 1            ,              0 
 8            ,              0 
 13           ,              0 
 8            ,              0 
 13           ,              0 
 8            ,              0 
 13           ,              0 
 8            ,              0 
 1            ,              0 
 1            ,              0 
 1            ,              0 
 1            ,              19 
 2            ,              25 
 2            ,              0 
 2            ,              35 
 5            ,              16 
 5            ,              0 
 5            ,              21 
 5            ,              21 
 5            ,              31 
 1            ,              0 
 13           ,              22 
 8            ,              22 
 13           ,              22 
 7            ,              22 
 13           ,              22 
 8            ,              22 
 13           ,              22 
 1            ,              0 
 1            ,              0 
 1            ,              0 
 1            ,              0 
 6            ,              0 
 2            ,              0 
 2            ,              0 
 2            ,              35 
 5            ,              0 
 5            ,              0 
 5            ,              0 
 5            ,              0 
 5            ,              31 
 1            ,              0 
 1            ,              51 
 1            ,              0 
 1            ,              0 
 1            ,              0 
 1            ,              0 
 1            ,              0 
 1            ,              0 
 1            ,              0 
 1            ,              0 
 1            ,              0 
 6            ,              0 
 2            ,              0 
 2            ,              0 
 2            ,              43 
 5            ,              16 
 5            ,              16 
 5            ,              0 
 5            ,              0 
 5            ,              0 
 5            ,              21 
 5            ,              31 
 1            ,              0 
 1            ,              0 
 1            ,              0 
 1            ,              0 
 1            ,              0 
 1            ,              0 
 1            ,              0 
 1            ,              0 
 1            ,              0 
 6            ,              0 
 2            ,              0 
 2            ,              0 
 2            ,              43 
 5            ,              16 
 5            ,              25 
 5            ,              26 
 5            ,              0 
 5            ,              0 
 5            ,              0 
 5            ,              0 
 5            ,              21 
 5            ,              21 
 5            ,              21 
 5            ,              21 
 5            ,              21 
 5            ,              21 
 5            ,              21 
 5            ,              31 
 1            ,              0 
 6            ,              0 
 2            ,              0 
 2            ,              0 
 2            ,              0 
 2            ,              41 
 6            ,              0 
 6            ,              0 
 5            ,              26 
 5            ,              0 
 5            ,              0 
 5            ,              0 
 5            ,              0 
 5            ,              0 
 5            ,              0 
 5            ,              0 
 5            ,              0 
 5            ,              0 
 5            ,              0 
 5            ,              0 
 5            ,              21 
 6            ,              0 
 2            ,              0 
 2            ,              0 
 2            ,              0 
 2            ,              25 
 6            ,              0 
 6            ,              0 
 6            ,              0 
 5            ,              16 
 5            ,              16 
 5            ,              0 
 5            ,              0 
 5            ,              0 
 5            ,              0 
 5            ,              0 
 5            ,              0 
 5            ,              0 
 5            ,              16 
 5            ,              16 
 5            ,              25 
 6            ,              0 
 2            ,              0 
 2            ,              0 
 2            ,              25 
 6            ,              0 
 6            ,              0 
 6            ,              0 
 6            ,              0 
 6            ,              35 
 5            ,              16 
 5            ,              0 
 5            ,              0 
 5            ,              0 
 5            ,              0 
 5            ,              0 
 5            ,              0 
 5            ,              0 
 5            ,              16 
 5            ,              25 
 6            ,              0 
 6            ,              0 
2
2
2
2
2
2
2
2
1
1
1
1
1
1
1
1
1
1
2
2
2
2
2
2
2
2
2
1
1
1
1
1
1
1
1
1
1
1
2
2
2
2
2
2
2
2
2
1
2
2
2
2
2
2
2
1
1
1
1
2
2
2
2
2
2
2
1
1
2
2
2
2
2
2
2
1
1
1
1
2
2
2
2
2
2
1
1
1
2
2
2
2
2
2
2
1
1
1
1
2
2
2
2
1
1
1
1
1
2
2
2
3
2
2
2
1
1
1
1
2
2
2
1
1
1
1
1
1
1
h
1
1
1
1
1
1
1
1
1
2
2
2
2
2
2
1
1
1
1
1
1
1
1
1
1
1
1
1
1
2
2
2
2
2
2
2
1
1
1
1
1
1
1
1
1
1
1
1
1
2
2
2
2
2
2
2
2
1
1
1
1
1
1
1
1
1
1
1
1
2
2
2
2
2
2
2
2
2
2
1
1
1
1
1
1
1
2
2
2
2
2
2
2
2
2
2
2
2
2
1
1
1
1
1
1
1
2
2
2
2
SET.1
.Tavern







