NONE
12
11
NONE
u1
 12 
 4 
 1            ,              3 
 6            ,              0 
 6            ,              0 
 6            ,              0 
 6            ,              11 
 6            ,              0 
 6            ,              0 
 6            ,              11 
 6            ,              0 
 6            ,              0 
 6            ,              0 
 6            ,              0 
 6            ,              0 
 6            ,              0 
 6            ,              11 
 6            ,              0 
 6            ,              0 
 10           ,              28 
 10           ,              0 
 6            ,              0 
 1            ,              4 
 1            ,              3 
 1            ,              3 
 6            ,              22 
 6            ,              22 
 6            ,              22 
 6            ,              0 
 6            ,              0 
 6            ,              0 
 6            ,              0 
 6            ,              11 
 6            ,              0 
 6            ,              0 
 6            ,              0 
 6            ,              0 
 6            ,              0 
 10           ,              28 
 10           ,              0 
 10           ,              25 
 6            ,              11 
 1            ,              0 
 1            ,              0 
 1            ,              0 
 1            ,              0 
 1            ,              0 
 1            ,              0 
 6            ,              30 
 6            ,              22 
 6            ,              22 
 6            ,              22 
 6            ,              22 
 14           ,              22 
 6            ,              22 
 6            ,              0 
 6            ,              0 
 6            ,              11 
 10           ,              0 
 10           ,              25 
 6            ,              0 
 6            ,              0 
 1            ,              0 
 1            ,              0 
 1            ,              0 
 1            ,              0 
 1            ,              0 
 1            ,              0 
 1            ,              0 
 1            ,              0 
 1            ,              0 
 1            ,              0 
 1            ,              0 
 1            ,              0 
 1            ,              0 
 6            ,              30 
 6            ,              22 
 12           ,              28 
 12           ,              0 
 12           ,              27 
 6            ,              11 
 6            ,              0 
 1            ,              0 
 1            ,              0 
 1            ,              0 
 1            ,              0 
 1            ,              0 
 1            ,              0 
 1            ,              11 
 1            ,              0 
 1            ,              0 
 1            ,              0 
 1            ,              0 
 1            ,              0 
 1            ,              0 
 1            ,              0 
 1            ,              0 
 2            ,              24 
 2            ,              0 
 2            ,              0 
 2            ,              27 
 6            ,              0 
 1            ,              0 
 1            ,              0 
 1            ,              0 
 1            ,              0 
 1            ,              11 
 1            ,              0 
 1            ,              0 
 1            ,              0 
 1            ,              0 
 1            ,              0 
 1            ,              0 
 1            ,              0 
 1            ,              3 
 1            ,              11 
 1            ,              0 
 2            ,              24 
 2            ,              11 
 2            ,              0 
 2            ,              0 
 2            ,              0 
 1            ,              0 
 1            ,              0 
 1            ,              0 
 1            ,              0 
 1            ,              0 
 1            ,              0 
 1            ,              0 
 1            ,              0 
 1            ,              0 
 1            ,              0 
 1            ,              0 
 1            ,              0 
 1            ,              0 
 1            ,              0 
 1            ,              0 
 1            ,              39 
 2            ,              0 
 2            ,              0 
 2            ,              11 
 2            ,              0 
 1            ,              4 
 1            ,              4 
 1            ,              3 
 1            ,              0 
 1            ,              0 
 1            ,              0 
 1            ,              0 
 1            ,              0 
 1            ,              4 
 1            ,              0 
 1            ,              11 
 1            ,              0 
 1            ,              0 
 1            ,              0 
 1            ,              0 
 1            ,              0 
 2            ,              24 
 2            ,              0 
 2            ,              0 
 2            ,              0 
 1            ,              3 
 1            ,              4 
 1            ,              4 
 1            ,              3 
 1            ,              3 
 1            ,              0 
 1            ,              0 
 1            ,              11 
 1            ,              0 
 1            ,              0 
 1            ,              0 
 1            ,              0 
 1            ,              0 
 1            ,              0 
 1            ,              0 
 1            ,              0 
 1            ,              39 
 2            ,              0 
 2            ,              0 
 2            ,              0 
 1            ,              3 
 1            ,              3 
 1            ,              3 
 1            ,              3 
 1            ,              3 
 1            ,              3 
 1            ,              0 
 1            ,              0 
 1            ,              0 
 1            ,              0 
 1            ,              0 
 1            ,              0 
 1            ,              0 
 1            ,              0 
 1            ,              11 
 1            ,              0 
 1            ,              0 
 2            ,              24 
 2            ,              11 
 2            ,              0 
 1            ,              3 
 1            ,              4 
 1            ,              3 
 1            ,              4 
 1            ,              4 
 1            ,              4 
 1            ,              3 
 1            ,              3 
 1            ,              0 
 1            ,              0 
 1            ,              0 
 1            ,              0 
 1            ,              0 
 1            ,              3 
 1            ,              0 
 1            ,              0 
 1            ,              0 
 1            ,              39 
 2            ,              0 
 2            ,              0 
 1            ,              4 
 1            ,              4 
 1            ,              4 
 1            ,              4 
 1            ,              3 
 1            ,              3 
 1            ,              4 
 1            ,              4 
 1            ,              11 
 1            ,              0 
 1            ,              0 
 1            ,              0 
 1            ,              0 
 1            ,              0 
 1            ,              0 
 1            ,              0 
 1            ,              0 
 1            ,              0 
 2            ,              24 
 2            ,              0 
2
2
2
2
2
2
2
2
2
2
2
2
2
2
2
2
2
1
1
2
2
2
2
2
2
2
2
2
2
2
2
2
2
2
2
2
1
1
2
2
1
1
1
1
1
1
2
2
2
2
2
3
2
2
2
2
1
1
2
2
1
1
1
1
1
1
1
1
1
1
1
1
1
2
2
2
1
2
2
2
1
1
1
a
1
1
1
1
1
1
1
1
1
1
1
2
1
1
2
2
1
1
1
1
1
1
1
1
1
1
1
1
2
1
1
2
2
1
2
2
1
1
1
1
1
1
1
1
1
1
1
1
1
1
1
2
2
1
2
2
2
2
2
1
1
1
1
a
2
1
1
1
1
1
1
1
2
1
2
2
2
2
2
2
2
1
1
1
1
1
1
1
a
1
1
1
2
2
2
2
2
2
2
2
2
2
1
1
1
1
1
1
1
1
1
1
1
2
2
2
2
2
2
2
2
2
2
2
1
1
1
1
1
2
1
1
1
2
2
2
2
2
2
2
2
2
2
2
1
1
1
1
1
1
1
1
1
1
2
2
SET.1








