3
16
10
11
NONE
 10 
 10 
 5            ,              0 
 5            ,              16 
 5            ,              0 
 5            ,              0 
 5            ,              0 
 5            ,              0 
 5            ,              23 
 1            ,              0 
 1            ,              0 
 1            ,              0 
 1            ,              0 
 1            ,              0 
 1            ,              0 
 1            ,              0 
 1            ,              0 
 1            ,              0 
 1            ,              0 
 1            ,              0 
 1            ,              37 
 2            ,              0 
 5            ,              0 
 5            ,              0 
 5            ,              0 
 5            ,              0 
 5            ,              0 
 5            ,              0 
 5            ,              23 
 1            ,              0 
 1            ,              0 
 1            ,              0 
 1            ,              0 
 1            ,              0 
 1            ,              0 
 1            ,              0 
 1            ,              0 
 1            ,              0 
 1            ,              0 
 1            ,              37 
 2            ,              0 
 2            ,              0 
 5            ,              0 
 5            ,              0 
 5            ,              0 
 5            ,              0 
 5            ,              0 
 5            ,              0 
 5            ,              23 
 1            ,              0 
 1            ,              0 
 1            ,              0 
 1            ,              0 
 1            ,              0 
 1            ,              0 
 1            ,              0 
 1            ,              0 
 1            ,              0 
 1            ,              0 
 2            ,              24 
 2            ,              0 
 2            ,              0 
 5            ,              16 
 5            ,              0 
 5            ,              0 
 5            ,              0 
 5            ,              16 
 5            ,              0 
 5            ,              0 
 1            ,              34 
 1            ,              0 
 1            ,              0 
 1            ,              0 
 1            ,              0 
 1            ,              0 
 1            ,              0 
 1            ,              0 
 1            ,              0 
 1            ,              37 
 2            ,              0 
 2            ,              0 
 2            ,              29 
 5            ,              0 
 5            ,              0 
 5            ,              0 
 5            ,              0 
 5            ,              0 
 5            ,              0 
 5            ,              0 
 5            ,              23 
 1            ,              0 
 1            ,              0 
 1            ,              0 
 1            ,              0 
 1            ,              0 
 1            ,              0 
 1            ,              0 
 1            ,              37 
 2            ,              0 
 2            ,              0 
 1            ,              40 
 1            ,              0 
 5            ,              0 
 5            ,              0 
 5            ,              0 
 5            ,              0 
 5            ,              0 
 5            ,              0 
 5            ,              0 
 5            ,              23 
 1            ,              0 
 1            ,              0 
 1            ,              0 
 1            ,              0 
 1            ,              0 
 1            ,              0 
 1            ,              37 
 2            ,              51 
 2            ,              0 
 2            ,              23 
 1            ,              0 
 1            ,              0 
 5            ,              26 
 5            ,              0 
 5            ,              0 
 5            ,              16 
 5            ,              0 
 5            ,              0 
 5            ,              0 
 5            ,              23 
 1            ,              0 
 1            ,              0 
 1            ,              0 
 1            ,              0 
 1            ,              0 
 1            ,              0 
 2            ,              24 
 2            ,              51 
 2            ,              51 
 1            ,              40 
 1            ,              0 
 1            ,              0 
 6            ,              0 
 5            ,              0 
 5            ,              0 
 5            ,              0 
 5            ,              0 
 5            ,              0 
 5            ,              0 
 5            ,              0 
 1            ,              34 
 1            ,              0 
 1            ,              0 
 1            ,              0 
 1            ,              0 
 1            ,              0 
 2            ,              24 
 2            ,              51 
 2            ,              23 
 1            ,              0 
 1            ,              0 
 1            ,              0 
 6            ,              11 
 5            ,              26 
 5            ,              0 
 5            ,              0 
 5            ,              0 
 5            ,              0 
 5            ,              0 
 5            ,              0 
 5            ,              23 
 1            ,              0 
 1            ,              0 
 1            ,              0 
 1            ,              0 
 1            ,              0 
 2            ,              24 
 2            ,              51 
 1            ,              40 
 1            ,              0 
 1            ,              0 
 1            ,              18 
 6            ,              0 
 6            ,              0 
 5            ,              0 
 5            ,              0 
 5            ,              0 
 5            ,              0 
 5            ,              16 
 5            ,              0 
 5            ,              23 
 1            ,              0 
 1            ,              0 
 1            ,              0 
 1            ,              0 
 1            ,              37 
 2            ,              51 
 2            ,              23 
 1            ,              0 
 1            ,              0 
 1            ,              37 
 2            ,              0 
 6            ,              18 
 6            ,              11 
 5            ,              26 
 5            ,              0 
 5            ,              0 
 5            ,              0 
 5            ,              0 
 5            ,              0 
 5            ,              23 
 1            ,              0 
 1            ,              0 
 1            ,              0 
 1            ,              0 
 2            ,              24 
 2            ,              51 
 2            ,              23 
 1            ,              0 
 1            ,              0 
 2            ,              24 
 2            ,              0 
 2            ,              0 
 6            ,              38 
 6            ,              0 
 5            ,              26 
 5            ,              0 
 5            ,              0 
 5            ,              0 
 5            ,              0 
 5            ,              23 
 1            ,              0 
 1            ,              0 
 1            ,              0 
 1            ,              0 
 2            ,              24 
 2            ,              0 
 2            ,              23 
 1            ,              0 
 1            ,              37 
 2            ,              0 
 2            ,              0 
1
2
1
1
1
1
1
1
1
1
1
1
1
1
1
1
1
1
2
2
1
1
1
1
1
1
1
1
1
1
1
1
1
1
1
1
1
2
2
2
1
1
1
1
1
1
1
1
1
1
1
1
a
1
1
1
1
2
2
2
2
1
1
a
2
1
1
1
1
1
1
1
1
1
1
1
2
2
2
2
1
1
1
1
1
1
1
1
1
1
1
1
1
1
1
2
2
2
2
1
1
1
1
1
1
1
1
1
a
1
1
1
1
1
2
2
2
2
1
1
2
1
1
2
1
1
1
1
1
1
1
1
1
1
2
2
2
2
1
1
2
1
1
1
1
1
1
1
1
1
1
1
1
1
2
2
2
1
1
1
2
2
1
a
1
1
1
1
1
1
1
1
1
1
2
2
2
1
1
1
2
2
1
1
1
1
2
1
1
1
1
1
a
2
2
2
1
1
2
2
2
2
2
1
1
1
1
1
1
1
1
1
1
2
2
2
1
1
2
2
2
2
2
2
1
1
1
1
1
1
1
1
1
2
2
2
1
2
2
2
SET.1








