11
17
16
NONE
NONE
 10 
 10 
 2            ,              0 
 2            ,              0 
 2            ,              23 
 1            ,              3 
 1            ,              0 
 1            ,              0 
 1            ,              0 
 1            ,              0 
 1            ,              0 
 1            ,              0 
 1            ,              0 
 1            ,              0 
 1            ,              0 
 1            ,              0 
 1            ,              11 
 1            ,              0 
 1            ,              0 
 1            ,              4 
 1            ,              3 
 1            ,              4 
 2            ,              0 
 2            ,              0 
 1            ,              40 
 1            ,              0 
 1            ,              0 
 1            ,              0 
 1            ,              0 
 1            ,              0 
 1            ,              0 
 1            ,              4 
 1            ,              0 
 1            ,              0 
 1            ,              0 
 1            ,              0 
 1            ,              0 
 1            ,              0 
 1            ,              0 
 1            ,              3 
 1            ,              4 
 1            ,              3 
 2            ,              0 
 2            ,              23 
 1            ,              0 
 1            ,              0 
 1            ,              0 
 1            ,              0 
 1            ,              11 
 1            ,              0 
 1            ,              0 
 1            ,              0 
 1            ,              0 
 1            ,              0 
 1            ,              0 
 1            ,              0 
 1            ,              0 
 1            ,              0 
 1            ,              0 
 1            ,              0 
 1            ,              4 
 1            ,              3 
 2            ,              0 
 2            ,              23 
 1            ,              0 
 1            ,              0 
 1            ,              0 
 1            ,              0 
 1            ,              0 
 1            ,              0 
 1            ,              0 
 1            ,              0 
 1            ,              0 
 1            ,              0 
 1            ,              0 
 1            ,              11 
 1            ,              0 
 1            ,              0 
 1            ,              0 
 1            ,              0 
 1            ,              0 
 1            ,              4 
 2            ,              0 
 1            ,              40 
 1            ,              0 
 1            ,              0 
 1            ,              0 
 1            ,              0 
 1            ,              0 
 1            ,              0 
 1            ,              0 
 1            ,              0 
 1            ,              0 
 1            ,              4 
 1            ,              0 
 1            ,              0 
 1            ,              0 
 1            ,              0 
 1            ,              0 
 1            ,              0 
 1            ,              0 
 2            ,              24 
 2            ,              23 
 1            ,              0 
 1            ,              0 
 1            ,              0 
 1            ,              0 
 1            ,              0 
 1            ,              0 
 1            ,              3 
 1            ,              0 
 1            ,              11 
 1            ,              0 
 1            ,              0 
 1            ,              0 
 1            ,              0 
 1            ,              0 
 1            ,              0 
 1            ,              11 
 1            ,              0 
 1            ,              0 
 2            ,              24 
 1            ,              40 
 1            ,              0 
 1            ,              0 
 1            ,              0 
 1            ,              11 
 1            ,              0 
 1            ,              0 
 1            ,              0 
 1            ,              0 
 1            ,              0 
 1            ,              51 
 1            ,              0 
 1            ,              0 
 1            ,              0 
 1            ,              0 
 1            ,              3 
 1            ,              0 
 1            ,              0 
 1            ,              0 
 2            ,              24 
 1            ,              0 
 1            ,              0 
 1            ,              0 
 1            ,              0 
 1            ,              0 
 1            ,              0 
 1            ,              0 
 1            ,              11 
 1            ,              0 
 1            ,              0 
 1            ,              0 
 1            ,              0 
 1            ,              0 
 1            ,              0 
 1            ,              0 
 1            ,              0 
 1            ,              0 
 1            ,              0 
 1            ,              0 
 2            ,              24 
 1            ,              0 
 1            ,              11 
 1            ,              0 
 1            ,              0 
 1            ,              0 
 1            ,              0 
 1            ,              0 
 1            ,              0 
 1            ,              0 
 1            ,              0 
 1            ,              3 
 1            ,              11 
 1            ,              0 
 1            ,              0 
 1            ,              0 
 1            ,              0 
 1            ,              0 
 1            ,              0 
 1            ,              11 
 2            ,              24 
 1            ,              0 
 1            ,              0 
 1            ,              42 
 1            ,              42 
 1            ,              42 
 1            ,              0 
 1            ,              4 
 1            ,              0 
 1            ,              0 
 1            ,              0 
 1            ,              0 
 1            ,              0 
 1            ,              0 
 1            ,              0 
 1            ,              0 
 1            ,              0 
 1            ,              0 
 1            ,              0 
 1            ,              37 
 2            ,              0 
 1            ,              0 
 1            ,              33 
 5            ,              25 
 6            ,              11 
 5            ,              26 
 1            ,              34 
 1            ,              11 
 1            ,              0 
 1            ,              0 
 1            ,              0 
 1            ,              0 
 1            ,              0 
 1            ,              0 
 1            ,              3 
 1            ,              0 
 1            ,              0 
 1            ,              0 
 1            ,              37 
 2            ,              0 
 2            ,              0 
 1            ,              43 
 5            ,              25 
 6            ,              0 
 6            ,              0 
 6            ,              11 
 5            ,              26 
 1            ,              44 
 1            ,              0 
 1            ,              0 
 1            ,              0 
 1            ,              0 
 1            ,              0 
 1            ,              11 
 1            ,              0 
 1            ,              0 
 1            ,              0 
 1            ,              1 
 2            ,              24 
 2            ,              0 
 2            ,              0 
2
2
2
2
1
1
1
1
1
1
1
1
1
1
1
1
1
2
2
2
2
2
2
1
1
1
1
1
1
2
1
1
1
1
1
1
1
2
2
2
2
2
1
1
1
1
1
a
1
1
1
1
1
1
1
1
1
1
2
2
2
2
1
1
1
1
1
1
1
1
1
1
1
1
1
1
1
1
1
2
2
2
1
a
1
1
1
1
1
1
1
2
1
1
1
1
1
1
1
2
2
1
1
1
1
1
1
2
1
1
1
1
1
1
1
1
1
a
1
2
2
1
1
1
1
1
1
1
1
1
h
1
1
1
1
2
1
1
1
2
1
1
1
1
1
a
1
1
1
1
1
1
1
1
1
1
1
1
1
2
1
1
1
1
1
1
1
1
1
1
2
1
1
1
1
1
1
1
1
2
1
1
1
1
1
1
2
1
1
1
1
1
1
1
1
1
1
1
2
2
1
1
2
2
2
1
1
1
1
1
1
1
1
2
1
1
1
2
2
2
1
2
2
2
2
2
1
1
1
1
1
1
1
1
1
1
1
2
2
2
SET.1



.North East - Bar      South - Ziel's house




