14
18
NONE
15
NONE
 17 
 2 
 2            ,              0 
 2            ,              0 
 6            ,              20 
 6            ,              43 
 5            ,              0 
 5            ,              11 
 5            ,              0 
 5            ,              0 
 5            ,              23 
 1            ,              0 
 1            ,              0 
 1            ,              0 
 1            ,              19 
 2            ,              0 
 2            ,              0 
 2            ,              23 
 1            ,              19 
 2            ,              0 
 2            ,              0 
 2            ,              0 
 2            ,              0 
 2            ,              0 
 6            ,              20 
 6            ,              43 
 5            ,              0 
 0            ,              5 
 5            ,              4 
 5            ,              0 
 5            ,              23 
 1            ,              0 
 1            ,              11 
 1            ,              0 
 1            ,              0 
 1            ,              39 
 2            ,              0 
 2            ,              23 
 1            ,              0 
 2            ,              30 
 2            ,              0 
 2            ,              0 
 2            ,              0 
 6            ,              40 
 6            ,              0 
 6            ,              43 
 5            ,              0 
 5            ,              0 
 5            ,              0 
 5            ,              0 
 5            ,              23 
 1            ,              0 
 1            ,              0 
 1            ,              0 
 1            ,              0 
 1            ,              19 
 2            ,              0 
 2            ,              0 
 1            ,              20 
 1            ,              0 
 2            ,              30 
 2            ,              0 
 2            ,              0 
 6            ,              20 
 6            ,              0 
 6            ,              43 
 5            ,              0 
 5            ,              0 
 5            ,              0 
 5            ,              11 
 5            ,              23 
 1            ,              0 
 1            ,              0 
 1            ,              0 
 1            ,              4 
 1            ,              0 
 1            ,              39 
 2            ,              0 
 2            ,              31 
 1            ,              50 
 1            ,              0 
 2            ,              0 
 2            ,              0 
 6            ,              20 
 6            ,              0 
 6            ,              43 
 5            ,              11 
 5            ,              0 
 5            ,              0 
 5            ,              0 
 5            ,              23 
 1            ,              0 
 1            ,              0 
 1            ,              0 
 1            ,              0 
 1            ,              11 
 1            ,              0 
 1            ,              39 
 2            ,              0 
 2            ,              31 
 2            ,              32 
 2            ,              0 
 2            ,              0 
 6            ,              20 
 6            ,              0 
 6            ,              43 
 5            ,              0 
 5            ,              0 
 5            ,              0 
 5            ,              0 
 5            ,              23 
 1            ,              0 
 1            ,              11 
 1            ,              0 
 1            ,              0 
 1            ,              0 
 1            ,              0 
 1            ,              0 
 1            ,              39 
 2            ,              0 
 2            ,              0 
 2            ,              0 
 2            ,              0 
 6            ,              20 
 6            ,              0 
 6            ,              43 
 5            ,              0 
 5            ,              0 
 5            ,              0 
 5            ,              4 
 5            ,              23 
 1            ,              0 
 1            ,              0 
 1            ,              0 
 1            ,              0 
 1            ,              0 
 1            ,              0 
 1            ,              0 
 1            ,              0 
 1            ,              39 
 2            ,              22 
 2            ,              0 
 2            ,              0 
 6            ,              20 
 6            ,              0 
 6            ,              43 
 5            ,              0 
 5            ,              0 
 5            ,              11 
 5            ,              0 
 5            ,              23 
 1            ,              0 
 1            ,              0 
 1            ,              0 
 1            ,              0 
 1            ,              0 
 1            ,              0 
 1            ,              0 
 1            ,              0 
 1            ,              0 
 1            ,              0 
 1            ,              17 
 2            ,              0 
 6            ,              20 
 6            ,              0 
 6            ,              43 
 5            ,              0 
 5            ,              0 
 5            ,              0 
 5            ,              0 
 5            ,              23 
 1            ,              0 
 1            ,              4 
 1            ,              0 
 1            ,              0 
 1            ,              0 
 1            ,              0 
 1            ,              0 
 1            ,              0 
 1            ,              11 
 1            ,              0 
 1            ,              0 
 2            ,              0 
 6            ,              20 
 6            ,              0 
 6            ,              43 
 5            ,              0 
 5            ,              4 
 5            ,              0 
 5            ,              0 
 5            ,              23 
 1            ,              0 
 1            ,              0 
 1            ,              0 
 1            ,              0 
 1            ,              0 
 1            ,              0 
 1            ,              0 
 1            ,              0 
 1            ,              0 
 1            ,              0 
 1            ,              0 
 2            ,              0 
 6            ,              20 
 6            ,              0 
 6            ,              43 
 5            ,              0 
 5            ,              0 
 5            ,              0 
 5            ,              0 
 5            ,              23 
 1            ,              0 
 1            ,              11 
 1            ,              0 
 1            ,              0 
 1            ,              0 
 1            ,              0 
 1            ,              4 
 1            ,              0 
 1            ,              0 
 1            ,              0 
 1            ,              0 
 2            ,              0 
 6            ,              20 
 6            ,              0 
 6            ,              43 
 5            ,              0 
 5            ,              11 
 5            ,              0 
 5            ,              0 
 5            ,              23 
 1            ,              0 
 1            ,              0 
 1            ,              0 
 1            ,              0 
 1            ,              0 
 1            ,              0 
 1            ,              0 
 1            ,              0 
 1            ,              0 
 1            ,              11 
 1            ,              0 
2
2
2
2
1
1
1
1
1
1
1
1
1
2
2
2
1
2
2
2
2
2
2
2
1
a
2
1
1
1
1
1
1
2
2
2
1
1
2
2
2
2
2
2
1
1
1
1
1
1
1
1
1
1
2
2
1
1
1
2
2
2
2
2
1
1
1
1
1
1
1
1
2
1
2
2
1
o
1
2
2
2
2
2
1
1
1
1
1
a
1
1
1
1
1
2
2
2
2
2
2
2
2
2
1
1
1
1
1
1
1
1
1
1
1
1
2
2
2
2
2
2
2
2
1
1
1
2
1
1
1
1
1
1
1
1
1
2
2
2
2
2
2
2
1
1
1
1
1
1
1
1
1
1
1
1
1
1
1
1
2
2
2
2
1
1
1
1
1
1
2
1
1
1
1
1
1
1
1
1
2
2
2
2
1
2
1
1
1
1
1
1
1
a
1
1
1
1
1
1
2
2
2
2
1
1
1
a
1
1
1
1
1
1
1
2
1
1
1
1
2
2
2
2
1
1
1
1
1
1
1
1
1
1
1
1
1
1
1
1
SET.1

.    You found the           Sword!!






