15
NONE
18
NONE
h1
 9 
 8 
 5            ,              32 
 6            ,              0 
 6            ,              0 
 6            ,              0 
 6            ,              11 
 6            ,              0 
 1            ,              44 
 1            ,              0 
 1            ,              0 
 1            ,              0 
 1            ,              0 
 1            ,              0 
 1            ,              0 
 1            ,              0 
 1            ,              0 
 1            ,              0 
 1            ,              19 
 2            ,              0 
 2            ,              0 
 2            ,              0 
 5            ,              25 
 6            ,              0 
 6            ,              0 
 6            ,              11 
 6            ,              0 
 6            ,              0 
 1            ,              44 
 1            ,              0 
 1            ,              0 
 1            ,              11 
 1            ,              0 
 1            ,              0 
 1            ,              0 
 1            ,              0 
 1            ,              0 
 1            ,              0 
 1            ,              19 
 2            ,              0 
 2            ,              0 
 2            ,              0 
 6            ,              0 
 6            ,              11 
 6            ,              0 
 6            ,              0 
 6            ,              0 
 6            ,              0 
 1            ,              44 
 1            ,              0 
 1            ,              0 
 1            ,              0 
 1            ,              0 
 1            ,              0 
 1            ,              0 
 1            ,              11 
 1            ,              0 
 1            ,              0 
 2            ,              32 
 2            ,              0 
 2            ,              0 
 2            ,              0 
 6            ,              0 
 6            ,              0 
 6            ,              0 
 6            ,              0 
 6            ,              11 
 6            ,              29 
 1            ,              0 
 1            ,              0 
 1            ,              0 
 1            ,              0 
 1            ,              0 
 1            ,              0 
 1            ,              0 
 1            ,              0 
 1            ,              0 
 1            ,              19 
 2            ,              0 
 2            ,              0 
 2            ,              0 
 2            ,              0 
 6            ,              30 
 6            ,              22 
 6            ,              22 
 6            ,              22 
 6            ,              29 
 1            ,              0 
 1            ,              11 
 1            ,              0 
 1            ,              0 
 1            ,              0 
 1            ,              0 
 1            ,              0 
 1            ,              4 
 1            ,              0 
 1            ,              0 
 2            ,              32 
 2            ,              0 
 2            ,              0 
 2            ,              0 
 2            ,              0 
 1            ,              0 
 1            ,              0 
 1            ,              0 
 1            ,              0 
 1            ,              0 
 1            ,              0 
 1            ,              0 
 9            ,              0 
 9            ,              0 
 9            ,              0 
 1            ,              0 
 1            ,              0 
 1            ,              0 
 1            ,              0 
 2            ,              32 
 2            ,              0 
 2            ,              0 
 2            ,              0 
 2            ,              0 
 2            ,              0 
 1            ,              0 
 1            ,              11 
 1            ,              0 
 1            ,              0 
 1            ,              3 
 1            ,              0 
 1            ,              0 
 8            ,              22 
 7            ,              22 
 8            ,              22 
 1            ,              0 
 1            ,              0 
 1            ,              0 
 2            ,              32 
 2            ,              0 
 2            ,              0 
 2            ,              0 
 2            ,              0 
 2            ,              0 
 2            ,              25 
 1            ,              0 
 1            ,              0 
 1            ,              0 
 1            ,              11 
 1            ,              0 
 1            ,              0 
 1            ,              0 
 1            ,              0 
 1            ,              0 
 1            ,              0 
 1            ,              0 
 1            ,              4 
 1            ,              19 
 2            ,              0 
 2            ,              0 
 2            ,              0 
 2            ,              0 
 2            ,              0 
 2            ,              25 
 6            ,              0 
 1            ,              0 
 1            ,              0 
 1            ,              0 
 1            ,              0 
 1            ,              0 
 1            ,              3 
 1            ,              0 
 1            ,              0 
 1            ,              0 
 1            ,              0 
 1            ,              0 
 1            ,              0 
 1            ,              19 
 2            ,              0 
 2            ,              0 
 2            ,              0 
 2            ,              0 
 2            ,              0 
 6            ,              11 
 6            ,              0 
 1            ,              11 
 1            ,              0 
 1            ,              0 
 1            ,              0 
 1            ,              0 
 1            ,              0 
 1            ,              0 
 1            ,              0 
 1            ,              4 
 1            ,              0 
 1            ,              0 
 1            ,              0 
 1            ,              37 
 2            ,              0 
 2            ,              0 
 2            ,              0 
 2            ,              0 
 2            ,              25 
 6            ,              0 
 6            ,              0 
 1            ,              42 
 1            ,              0 
 1            ,              11 
 1            ,              0 
 1            ,              0 
 1            ,              0 
 1            ,              0 
 1            ,              0 
 1            ,              0 
 1            ,              18 
 1            ,              18 
 1            ,              37 
 2            ,              0 
 2            ,              0 
 2            ,              0 
 2            ,              0 
 2            ,              25 
 6            ,              0 
 6            ,              0 
 6            ,              11 
 5            ,              26 
 1            ,              44 
 1            ,              0 
 1            ,              0 
 1            ,              0 
 1            ,              11 
 1            ,              0 
 2            ,              32 
 2            ,              21 
 2            ,              0 
 2            ,              0 
 2            ,              0 
 2            ,              0 
 2            ,              0 
 2            ,              0 
 2            ,              25 
 6            ,              11 
 6            ,              0 
 6            ,              11 
 6            ,              0 
1
2
2
2
2
2
1
1
1
1
1
1
1
1
1
1
1
2
2
2
2
2
2
2
2
2
1
1
1
1
1
1
1
1
1
1
1
2
2
2
2
2
2
2
2
2
1
1
1
1
1
1
1
1
1
1
1
2
2
2
2
2
2
2
2
2
1
1
1
1
1
a
1
1
1
1
2
2
2
2
2
2
2
2
2
1
1
1
1
1
1
1
2
1
1
1
2
2
2
2
1
1
1
1
1
1
1
2
2
2
1
1
1
1
1
2
2
2
2
2
1
1
1
1
2
1
1
2
3
2
1
1
1
2
2
2
2
2
2
2
1
1
1
1
1
1
1
1
1
1
1
2
1
2
2
2
2
2
2
2
1
1
1
1
1
2
1
1
1
1
1
1
1
2
2
2
2
2
2
2
1
1
b
1
1
1
1
1
2
1
1
1
2
2
2
2
2
2
2
2
1
1
1
1
1
1
1
1
1
1
1
2
2
2
2
2
2
2
2
2
2
1
1
1
1
1
1
2
2
2
2
2
2
2
2
2
2
2
2
2
SET.1








