16
NONE
NONE
17
NONE
 11 
 7 
 2            ,              0 
 6            ,              38 
 6            ,              51 
 6            ,              43 
 5            ,              0 
 5            ,              11 
 5            ,              0 
 5            ,              0 
 5            ,              23 
 1            ,              0 
 1            ,              0 
 1            ,              0 
 1            ,              0 
 1            ,              0 
 1            ,              0 
 1            ,              0 
 1            ,              42 
 1            ,              42 
 1            ,              42 
 1            ,              42 
 2            ,              0 
 2            ,              0 
 6            ,              20 
 6            ,              43 
 5            ,              0 
 5            ,              0 
 5            ,              0 
 5            ,              16 
 5            ,              23 
 1            ,              11 
 1            ,              0 
 1            ,              0 
 1            ,              0 
 1            ,              0 
 1            ,              42 
 1            ,              33 
 5            ,              25 
 6            ,              0 
 6            ,              0 
 5            ,              26 
 2            ,              0 
 2            ,              0 
 6            ,              20 
 6            ,              43 
 5            ,              0 
 5            ,              0 
 5            ,              0 
 5            ,              0 
 5            ,              23 
 1            ,              0 
 1            ,              0 
 1            ,              0 
 1            ,              0 
 1            ,              43 
 5            ,              25 
 6            ,              0 
 6            ,              0 
 6            ,              11 
 6            ,              0 
 6            ,              0 
 2            ,              0 
 2            ,              0 
 6            ,              20 
 6            ,              43 
 5            ,              11 
 5            ,              0 
 5            ,              0 
 5            ,              0 
 5            ,              23 
 1            ,              0 
 1            ,              0 
 1            ,              3 
 1            ,              0 
 1            ,              43 
 6            ,              0 
 6            ,              11 
 6            ,              0 
 6            ,              0 
 6            ,              0 
 6            ,              0 
 2            ,              0 
 2            ,              0 
 6            ,              20 
 6            ,              43 
 5            ,              0 
 5            ,              0 
 5            ,              16 
 5            ,              0 
 5            ,              23 
 1            ,              0 
 1            ,              0 
 1            ,              0 
 1            ,              0 
 1            ,              43 
 6            ,              0 
 6            ,              0 
 6            ,              0 
 6            ,              0 
 6            ,              0 
 5            ,              28 
 2            ,              0 
 6            ,              40 
 6            ,              0 
 6            ,              43 
 5            ,              0 
 5            ,              0 
 5            ,              0 
 5            ,              0 
 5            ,              23 
 1            ,              0 
 1            ,              0 
 1            ,              0 
 1            ,              0 
 1            ,              43 
 5            ,              27 
 6            ,              0 
 6            ,              11 
 5            ,              28 
 5            ,              29 
 1            ,              41 
 2            ,              0 
 6            ,              20 
 6            ,              0 
 6            ,              43 
 5            ,              0 
 5            ,              0 
 5            ,              0 
 5            ,              11 
 5            ,              23 
 1            ,              0 
 1            ,              0 
 1            ,              0 
 1            ,              0 
 1            ,              0 
 1            ,              35 
 5            ,              27 
 5            ,              28 
 1            ,              36 
 1            ,              0 
 1            ,              0 
 2            ,              0 
 6            ,              20 
 6            ,              11 
 6            ,              0 
 6            ,              35 
 5            ,              0 
 5            ,              0 
 5            ,              0 
 5            ,              0 
 5            ,              31 
 1            ,              42 
 1            ,              0 
 1            ,              0 
 1            ,              0 
 1            ,              0 
 1            ,              41 
 1            ,              41 
 1            ,              0 
 1            ,              0 
 1            ,              0 
 2            ,              0 
 6            ,              20 
 6            ,              0 
 6            ,              0 
 6            ,              0 
 6            ,              41 
 6            ,              35 
 5            ,              0 
 5            ,              0 
 5            ,              0 
 5            ,              0 
 5            ,              31 
 1            ,              42 
 1            ,              0 
 3            ,              1 
 1            ,              3 
 1            ,              0 
 1            ,              0 
 1            ,              0 
 1            ,              0 
 6            ,              40 
 6            ,              0 
 6            ,              0 
 6            ,              0 
 6            ,              0 
 6            ,              0 
 6            ,              0 
 6            ,              41 
 6            ,              41 
 6            ,              35 
 5            ,              0 
 5            ,              0 
 5            ,              0 
 5            ,              31 
 1            ,              42 
 1            ,              42 
 1            ,              42 
 1            ,              0 
 1            ,              0 
 1            ,              0 
 6            ,              0 
 6            ,              11 
 6            ,              6 
 6            ,              0 
 6            ,              0 
 6            ,              0 
 6            ,              0 
 6            ,              11 
 6            ,              0 
 6            ,              0 
 6            ,              41 
 6            ,              41 
 6            ,              41 
 6            ,              35 
 5            ,              0 
 5            ,              0 
 5            ,              0 
 5            ,              31 
 1            ,              42 
 1            ,              42 
 6            ,              0 
 6            ,              0 
 6            ,              0 
 6            ,              11 
 6            ,              0 
 6            ,              0 
 6            ,              0 
 6            ,              0 
 6            ,              0 
 6            ,              0 
 6            ,              0 
 6            ,              11 
 6            ,              0 
 6            ,              0 
 6            ,              41 
 6            ,              41 
 6            ,              41 
 6            ,              41 
 6            ,              41 
 6            ,              41 
2
2
2
2
1
1
1
1
1
1
1
1
1
1
1
1
1
1
1
1
2
2
2
2
1
01
1
2
1
1
1
1
1
1
1
1
2
2
2
2
2
2
2
2
1
a
1
1
1
1
1
1
1
1
2
2
2
2
2
2
2
2
2
2
1
1
1
1
1
1
1
2
1
1
2
2
2
2
2
2
2
2
2
2
1
1
2
1
1
1
1
1
1
1
2
2
2
2
2
2
2
2
2
2
1
1
1
1
1
1
1
1
1
1
2
2
2
2
1
1
2
2
2
2
1
1
1
1
1
1
1
1
a
1
1
2
2
1
1
1
2
2
2
2
2
1
1
1
1
1
1
1
1
1
1
1
1
1
1
1
2
2
2
2
2
2
2
1
1
1
1
1
1
1
1
2
1
1
1
1
2
2
2
2
2
2
2
2
2
2
1
1
1
1
1
1
1
1
1
1
2
2
2
2
2
2
2
2
2
2
2
2
2
2
1
1
1
1
1
1
2
2
2
2
2
2
2
2
2
2
2
2
2
2
2
2
2
2
2
2
SET.1








