1
3
7
NONE
NONE
 11 
 7 
 2            ,              0 
 2            ,              0 
 2            ,              0 
 2            ,              0 
 2            ,              42 
 2            ,              42 
 2            ,              42 
 2            ,              42 
 2            ,              33 
 1            ,              36 
 1            ,              35 
 2            ,              34 
 2            ,              42 
 2            ,              0 
 2            ,              0 
 2            ,              0 
 2            ,              0 
 2            ,              0 
 2            ,              0 
 2            ,              0 
 2            ,              0 
 2            ,              0 
 2            ,              0 
 2            ,              33 
 5            ,              0 
 5            ,              22 
 5            ,              22 
 5            ,              22 
 1            ,              36 
 1            ,              0 
 1            ,              0 
 1            ,              35 
 5            ,              0 
 5            ,              27 
 6            ,              0 
 6            ,              0 
 6            ,              0 
 6            ,              11 
 6            ,              0 
 2            ,              26 
 2            ,              0 
 2            ,              0 
 2            ,              33 
 5            ,              0 
 5            ,              29 
 1            ,              0 
 1            ,              0 
 1            ,              0 
 1            ,              0 
 1            ,              11 
 1            ,              0 
 1            ,              0 
 5            ,              30 
 5            ,              0 
 5            ,              27 
 6            ,              0 
 6            ,              0 
 6            ,              0 
 6            ,              0 
 6            ,              0 
 2            ,              0 
 2            ,              43 
 5            ,              0 
 5            ,              29 
 1            ,              0 
 1            ,              0 
 1            ,              0 
 1            ,              0 
 1            ,              0 
 1            ,              0 
 1            ,              0 
 1            ,              0 
 1            ,              0 
 5            ,              30 
 5            ,              22 
 5            ,              0 
 5            ,              27 
 6            ,              0 
 6            ,              11 
 6            ,              0 
 2            ,              0 
 2            ,              33 
 5            ,              23 
 1            ,              0 
 1            ,              0 
 1            ,              11 
 1            ,              0 
 1            ,              0 
 1            ,              3 
 1            ,              0 
 1            ,              0 
 1            ,              3 
 1            ,              0 
 1            ,              0 
 1            ,              0 
 5            ,              30 
 5            ,              0 
 6            ,              0 
 6            ,              0 
 6            ,              0 
 2            ,              43 
 5            ,              0 
 5            ,              29 
 1            ,              0 
 1            ,              0 
 1            ,              0 
 1            ,              0 
 1            ,              0 
 1            ,              0 
 1            ,              0 
 1            ,              0 
 1            ,              0 
 1            ,              0 
 1            ,              0 
 1            ,              0 
 1            ,              0 
 5            ,              24 
 5            ,              27 
 6            ,              0 
 6            ,              11 
 2            ,              33 
 5            ,              23 
 1            ,              0 
 1            ,              0 
 1            ,              0 
 1            ,              0 
 1            ,              0 
 1            ,              3 
 1            ,              0 
 1            ,              0 
 1            ,              0 
 1            ,              0 
 1            ,              3 
 1            ,              0 
 1            ,              11 
 1            ,              0 
 5            ,              24 
 5            ,              0 
 6            ,              0 
 6            ,              0 
 5            ,              0 
 5            ,              29 
 1            ,              0 
 1            ,              0 
 1            ,              0 
 1            ,              0 
 1            ,              0 
 1            ,              0 
 1            ,              0 
 1            ,              0 
 1            ,              0 
 1            ,              0 
 1            ,              0 
 1            ,              0 
 1            ,              0 
 1            ,              0 
 5            ,              24 
 5            ,              0 
 6            ,              0 
 6            ,              0 
 1            ,              36 
 1            ,              0 
 1            ,              0 
 1            ,              0 
 1            ,              0 
 1            ,              0 
 1            ,              3 
 1            ,              0 
 1            ,              0 
 1            ,              0 
 1            ,              11 
 1            ,              0 
 1            ,              0 
 1            ,              3 
 1            ,              0 
 1            ,              33 
 5            ,              0 
 5            ,              37 
 2            ,              27 
 6            ,              0 
 1            ,              0 
 1            ,              0 
 1            ,              11 
 1            ,              0 
 1            ,              0 
 1            ,              0 
 1            ,              0 
 1            ,              0 
 1            ,              0 
 1            ,              0 
 1            ,              0 
 1            ,              0 
 1            ,              0 
 1            ,              0 
 1            ,              0 
 5            ,              24 
 5            ,              19 
 2            ,              0 
 2            ,              0 
 2            ,              27 
 1            ,              0 
 1            ,              0 
 1            ,              0 
 1            ,              0 
 1            ,              0 
 1            ,              3 
 1            ,              0 
 1            ,              0 
 1            ,              0 
 1            ,              0 
 1            ,              0 
 1            ,              0 
 1            ,              0 
 1            ,              0 
 1            ,              3 
 1            ,              35 
 5            ,              0 
 5            ,              39 
 2            ,              0 
 2            ,              0 
 1            ,              0 
 1            ,              0 
 1            ,              0 
 1            ,              0 
 1            ,              0 
 1            ,              0 
 1            ,              0 
 1            ,              11 
 1            ,              0 
 1            ,              0 
 1            ,              0 
 1            ,              0 
 1            ,              0 
 1            ,              0 
 1            ,              0 
 1            ,              0 
 5            ,              24 
 5            ,              19 
 2            ,              0 
 2            ,              0 
2
2
2
2
2
2
2
2
1
1
1
1
2
2
2
2
2
2
2
2
2
2
2
1
1
1
1
1
1
1
1
1
1
2
2
2
2
2
2
2
2
2
1
1
1
1
1
1
1
1
1
1
1
1
2
2
2
2
2
2
2
2
1
1
1
1
1
1
1
1
1
1
1
1
1
1
2
2
2
2
2
1
1
1
1
a
1
1
2
1
1
2
1
1
1
1
1
2
2
2
2
1
1
1
1
1
1
1
1
1
1
1
1
1
1
1
1
2
2
2
2
1
1
1
1
1
1
2
1
1
1
1
2
1
1
1
1
1
2
2
1
1
1
1
1
1
1
1
1
1
1
1
1
1
1
1
1
1
2
2
1
1
1
a
1
1
2
1
1
1
1
1
1
2
1
1
1
2
2
2
1
1
1
1
1
1
1
1
1
1
a
1
1
1
1
1
1
2
2
2
1
1
1
1
1
2
1
1
1
1
1
1
1
1
2
1
1
2
2
2
1
1
1
1
1
1
1
1
1
1
1
1
1
1
1
1
1
1
2
2
SET.1








