NONE
11
3
5
NONE
 10 
 10 
 2            ,              0 
 2            ,              0 
 2            ,              27 
 6            ,              0 
 6            ,              11 
 6            ,              0 
 6            ,              0 
 6            ,              0 
 6            ,              0 
 6            ,              0 
 6            ,              0 
 6            ,              11 
 6            ,              0 
 6            ,              0 
 6            ,              0 
 6            ,              0 
 6            ,              0 
 6            ,              0 
 6            ,              11 
 6            ,              0 
 2            ,              0 
 2            ,              0 
 2            ,              0 
 2            ,              27 
 6            ,              0 
 6            ,              0 
 6            ,              0 
 6            ,              11 
 6            ,              0 
 6            ,              0 
 6            ,              11 
 6            ,              0 
 6            ,              0 
 6            ,              11 
 6            ,              0 
 6            ,              0 
 6            ,              11 
 6            ,              0 
 6            ,              0 
 6            ,              0 
 2            ,              0 
 2            ,              0 
 2            ,              0 
 2            ,              0 
 2            ,              0 
 2            ,              27 
 6            ,              0 
 6            ,              0 
 6            ,              0 
 6            ,              11 
 6            ,              0 
 6            ,              0 
 6            ,              0 
 6            ,              0 
 6            ,              0 
 6            ,              0 
 6            ,              0 
 2            ,              28 
 2            ,              0 
 2            ,              0 
 2            ,              42 
 2            ,              0 
 2            ,              0 
 2            ,              0 
 2            ,              0 
 2            ,              0 
 2            ,              0 
 2            ,              0 
 2            ,              0 
 2            ,              0 
 2            ,              27 
 6            ,              0 
 6            ,              0 
 6            ,              11 
 2            ,              28 
 2            ,              0 
 2            ,              0 
 2            ,              0 
 2            ,              0 
 2            ,              0 
 5            ,              22 
 2            ,              34 
 2            ,              42 
 2            ,              42 
 2            ,              0 
 2            ,              0 
 2            ,              0 
 2            ,              0 
 2            ,              0 
 2            ,              0 
 2            ,              0 
 2            ,              0 
 2            ,              0 
 2            ,              0 
 2            ,              0 
 2            ,              0 
 2            ,              0 
 2            ,              0 
 2            ,              0 
 2            ,              42 
 1            ,              11 
 1            ,              35 
 5            ,              22 
 5            ,              22 
 2            ,              34 
 2            ,              42 
 2            ,              42 
 2            ,              42 
 2            ,              42 
 2            ,              0 
 2            ,              0 
 2            ,              0 
 2            ,              0 
 2            ,              0 
 2            ,              0 
 2            ,              42 
 2            ,              42 
 2            ,              42 
 2            ,              33 
 5            ,              22 
 1            ,              0 
 1            ,              11 
 1            ,              0 
 1            ,              0 
 1            ,              35 
 5            ,              22 
 5            ,              22 
 5            ,              22 
 5            ,              22 
 2            ,              34 
 2            ,              42 
 2            ,              42 
 2            ,              42 
 2            ,              42 
 2            ,              33 
 5            ,              22 
 5            ,              22 
 5            ,              22 
 1            ,              36 
 1            ,              0 
 1            ,              0 
 1            ,              0 
 1            ,              0 
 1            ,              0 
 1            ,              0 
 1            ,              0 
 1            ,              0 
 1            ,              0 
 1            ,              0 
 1            ,              35 
 5            ,              22 
 5            ,              22 
 5            ,              22 
 5            ,              22 
 1            ,              36 
 1            ,              0 
 1            ,              11 
 1            ,              0 
 1            ,              0 
 1            ,              0 
 1            ,              0 
 1            ,              4 
 1            ,              0 
 1            ,              0 
 1            ,              0 
 1            ,              0 
 1            ,              0 
 1            ,              0 
 1            ,              11 
 1            ,              0 
 1            ,              0 
 1            ,              0 
 1            ,              11 
 1            ,              0 
 1            ,              0 
 1            ,              0 
 1            ,              0 
 1            ,              4 
 1            ,              0 
 1            ,              0 
 1            ,              0 
 1            ,              0 
 1            ,              11 
 1            ,              0 
 1            ,              0 
 1            ,              0 
 1            ,              3 
 1            ,              0 
 1            ,              0 
 1            ,              0 
 1            ,              0 
 1            ,              0 
 1            ,              0 
 1            ,              0 
 1            ,              0 
 1            ,              0 
 1            ,              0 
 1            ,              0 
 1            ,              0 
 1            ,              11 
 1            ,              0 
 1            ,              0 
 1            ,              0 
 1            ,              0 
 1            ,              0 
 1            ,              0 
 1            ,              0 
 1            ,              0 
 1            ,              0 
 1            ,              0 
 1            ,              0 
 1            ,              0 
 1            ,              0 
 1            ,              3 
 1            ,              0 
 1            ,              11 
 1            ,              0 
 1            ,              0 
 1            ,              0 
 1            ,              0 
 2            ,              21 
 1            ,              38 
 1            ,              0 
 1            ,              0 
 1            ,              0 
 1            ,              0 
 1            ,              11 
 1            ,              0 
 1            ,              0 
 1            ,              0 
 1            ,              11 
 1            ,              0 
 1            ,              0 
 1            ,              0 
 1            ,              0 
 1            ,              0 
 1            ,              0 
 1            ,              0 
 1            ,              11 
 1            ,              4 
2
2
2
2
2
2
2
2
2
2
2
2
2
2
2
2
2
2
2
2
2
2
2
2
2
2
2
2
2
2
2
2
2
2
2
2
2
2
2
2
2
2
2
2
2
2
2
2
2
2
2
2
2
2
2
2
2
2
2
2
2
2
2
2
2
2
2
2
2
2
2
2
2
2
2
2
2
2
2
2
1
1
2
2
2
2
2
2
2
2
2
2
2
2
2
2
2
2
2
2
1
1
1
1
1
2
2
2
2
2
2
2
2
2
2
2
2
2
1
1
1
1
1
1
1
1
1
1
1
1
2
2
2
2
1
1
1
1
1
1
1
1
1
1
1
1
1
1
1
1
1
1
1
1
1
1
1
1
1
1
1
2
1
1
1
1
1
1
1
1
1
1
a
1
1
1
1
2
1
1
1
1
1
1
a
1
2
1
1
1
1
1
1
1
1
1
1
1
1
1
1
1
1
1
1
1
1
1
1
1
1
1
1
2
1
1
1
1
1
1
2
2
1
1
1
1
1
1
1
1
1
1
1
1
1
1
1
1
1
2
SET.1








