6
NONE
4
NONE
NONE
 11 
 8 
 6            ,              11 
 5            ,              28 
 2            ,              44 
 2            ,              0 
 5            ,              40 
 5            ,              0 
 1            ,              36 
 1            ,              0 
 1            ,              0 
 1            ,              0 
 1            ,              0 
 1            ,              0 
 1            ,              0 
 1            ,              0 
 1            ,              0 
 1            ,              11 
 1            ,              0 
 5            ,              24 
 6            ,              0 
 6            ,              0 
 5            ,              28 
 2            ,              36 
 2            ,              0 
 2            ,              43 
 5            ,              0 
 5            ,              23 
 1            ,              0 
 1            ,              0 
 1            ,              11 
 1            ,              0 
 1            ,              0 
 1            ,              0 
 1            ,              0 
 1            ,              3 
 1            ,              0 
 1            ,              0 
 5            ,              32 
 5            ,              0 
 6            ,              0 
 6            ,              11 
 2            ,              41 
 2            ,              0 
 2            ,              0 
 5            ,              40 
 5            ,              0 
 1            ,              36 
 1            ,              0 
 1            ,              0 
 1            ,              0 
 1            ,              11 
 1            ,              0 
 1            ,              0 
 1            ,              0 
 1            ,              0 
 1            ,              0 
 1            ,              0 
 5            ,              24 
 5            ,              0 
 6            ,              0 
 6            ,              0 
 2            ,              0 
 2            ,              42 
 5            ,              40 
 5            ,              0 
 1            ,              36 
 1            ,              0 
 1            ,              0 
 1            ,              0 
 1            ,              0 
 1            ,              0 
 1            ,              4 
 1            ,              0 
 1            ,              0 
 1            ,              0 
 1            ,              11 
 1            ,              0 
 5            ,              24 
 5            ,              25 
 6            ,              0 
 6            ,              0 
 5            ,              40 
 5            ,              0 
 5            ,              22 
 1            ,              36 
 1            ,              0 
 1            ,              0 
 1            ,              0 
 1            ,              11 
 1            ,              0 
 1            ,              0 
 1            ,              0 
 1            ,              0 
 1            ,              0 
 1            ,              0 
 1            ,              0 
 5            ,              32 
 5            ,              0 
 6            ,              0 
 6            ,              11 
 6            ,              0 
 5            ,              22 
 1            ,              36 
 1            ,              0 
 1            ,              11 
 1            ,              0 
 1            ,              0 
 1            ,              0 
 1            ,              0 
 1            ,              0 
 1            ,              0 
 1            ,              0 
 1            ,              0 
 1            ,              11 
 1            ,              0 
 1            ,              0 
 5            ,              24 
 5            ,              0 
 6            ,              0 
 6            ,              0 
 6            ,              0 
 1            ,              0 
 1            ,              0 
 1            ,              0 
 1            ,              0 
 1            ,              0 
 1            ,              11 
 1            ,              0 
 1            ,              0 
 1            ,              4 
 1            ,              0 
 1            ,              0 
 1            ,              0 
 1            ,              3 
 1            ,              0 
 5            ,              32 
 5            ,              0 
 5            ,              25 
 6            ,              0 
 6            ,              0 
 6            ,              0 
 1            ,              11 
 1            ,              0 
 1            ,              0 
 1            ,              0 
 1            ,              0 
 1            ,              0 
 1            ,              0 
 1            ,              0 
 1            ,              0 
 1            ,              0 
 1            ,              0 
 1            ,              0 
 1            ,              0 
 5            ,              32 
 5            ,              0 
 5            ,              0 
 6            ,              0 
 6            ,              11 
 6            ,              0 
 10           ,              28 
 1            ,              0 
 1            ,              0 
 1            ,              0 
 1            ,              11 
 1            ,              0 
 1            ,              3 
 1            ,              0 
 1            ,              0 
 1            ,              0 
 1            ,              0 
 1            ,              0 
 1            ,              11 
 5            ,              32 
 5            ,              0 
 5            ,              0 
 5            ,              0 
 6            ,              0 
 6            ,              0 
 10           ,              28 
 10           ,              0 
 1            ,              0 
 1            ,              11 
 1            ,              0 
 1            ,              0 
 1            ,              0 
 1            ,              0 
 1            ,              0 
 1            ,              0 
 1            ,              0 
 1            ,              11 
 1            ,              0 
 5            ,              32 
 5            ,              0 
 5            ,              0 
 5            ,              0 
 5            ,              25 
 6            ,              11 
 6            ,              0 
 10           ,              0 
 10           ,              0 
 1            ,              0 
 1            ,              4 
 1            ,              3 
 1            ,              3 
 5            ,              21 
 5            ,              21 
 5            ,              21 
 5            ,              21 
 5            ,              21 
 5            ,              21 
 5            ,              21 
 5            ,              0 
 5            ,              0 
 5            ,              0 
 6            ,              36 
 6            ,              0 
 6            ,              0 
 10           ,              28 
 10           ,              11 
 10           ,              25 
 1            ,              3 
 1            ,              3 
 1            ,              4 
 6            ,              0 
 6            ,              0 
 6            ,              11 
 6            ,              0 
 6            ,              0 
 6            ,              0 
 6            ,              11 
 6            ,              0 
 6            ,              0 
 6            ,              0 
 6            ,              0 
 6            ,              11 
 6            ,              0 
 6            ,              0 
 10           ,              0 
 10           ,              25 
 6            ,              0 
2
2
2
2
2
1
1
1
1
1
1
1
1
1
1
1
1
1
2
2
2
2
2
2
1
1
1
1
1
1
1
1
1
2
1
1
1
1
2
2
2
2
2
2
1
1
1
1
1
1
1
a
1
1
1
1
1
1
2
2
2
2
2
1
1
1
1
1
1
1
2
1
1
1
1
1
1
2
2
2
2
1
1
1
1
a
1
1
1
1
1
1
1
1
1
1
1
2
2
2
1
1
1
1
1
1
1
1
1
1
1
1
1
1
1
1
1
2
2
2
1
1
1
1
1
1
1
1
2
1
1
1
2
1
1
1
2
2
2
2
1
1
a
1
1
1
a
1
1
1
1
1
1
1
1
1
2
2
2
2
1
1
1
1
1
2
1
1
1
1
1
1
1
1
1
1
2
2
2
1
1
1
1
1
1
1
1
1
1
1
1
1
a
1
1
2
2
2
1
1
1
2
2
2
1
1
1
1
1
1
1
1
1
1
1
2
2
2
1
2
2
2
2
2
2
2
2
2
2
2
2
2
2
2
2
2
2
1
1
2
SET.1








