NONE
5
NONE
9
NONE
 11 
 9 
 6            ,              0 
 6            ,              0 
 6            ,              11 
 6            ,              0 
 6            ,              0 
 6            ,              11 
 6            ,              0 
 6            ,              0 
 6            ,              0 
 6            ,              0 
 6            ,              11 
 6            ,              22 
 6            ,              22 
 6            ,              22 
 1            ,              3 
 1            ,              3 
 1            ,              3 
 1            ,              3 
 5            ,              4 
 5            ,              4 
 6            ,              0 
 6            ,              11 
 6            ,              0 
 6            ,              0 
 6            ,              0 
 6            ,              0 
 6            ,              0 
 5            ,              28 
 5            ,              0 
 5            ,              0 
 5            ,              29 
 1            ,              0 
 1            ,              0 
 1            ,              0 
 1            ,              0 
 1            ,              0 
 1            ,              0 
 1            ,              0 
 1            ,              4 
 1            ,              4 
 6            ,              0 
 6            ,              0 
 6            ,              0 
 6            ,              0 
 6            ,              33 
 5            ,              0 
 5            ,              0 
 5            ,              22 
 5            ,              22 
 5            ,              29 
 1            ,              0 
 1            ,              0 
 1            ,              0 
 1            ,              11 
 1            ,              0 
 1            ,              0 
 1            ,              0 
 1            ,              0 
 1            ,              0 
 1            ,              4 
 6            ,              11 
 6            ,              0 
 6            ,              0 
 6            ,              33 
 5            ,              0 
 5            ,              22 
 5            ,              29 
 1            ,              0 
 1            ,              0 
 1            ,              0 
 1            ,              0 
 1            ,              0 
 1            ,              0 
 1            ,              0 
 1            ,              0 
 1            ,              0 
 1            ,              0 
 1            ,              0 
 1            ,              0 
 1            ,              4 
 6            ,              0 
 6            ,              0 
 6            ,              33 
 5            ,              0 
 5            ,              29 
 1            ,              0 
 1            ,              0 
 1            ,              0 
 9            ,              0 
 9            ,              0 
 9            ,              0 
 9            ,              0 
 9            ,              0 
 1            ,              0 
 1            ,              0 
 1            ,              0 
 1            ,              0 
 1            ,              0 
 1            ,              0 
 1            ,              0 
 6            ,              11 
 6            ,              0 
 5            ,              0 
 5            ,              23 
 1            ,              0 
 1            ,              0 
 1            ,              0 
 1            ,              11 
 9            ,              0 
 9            ,              0 
 9            ,              0 
 9            ,              0 
 9            ,              0 
 1            ,              0 
 1            ,              0 
 1            ,              11 
 1            ,              0 
 1            ,              0 
 1            ,              0 
 1            ,              0 
 6            ,              0 
 6            ,              0 
 5            ,              0 
 5            ,              23 
 1            ,              11 
 1            ,              0 
 1            ,              0 
 1            ,              0 
 8            ,              0 
 8            ,              0 
 8            ,              0 
 8            ,              0 
 8            ,              0 
 1            ,              0 
 1            ,              0 
 1            ,              0 
 1            ,              0 
 1            ,              0 
 1            ,              0 
 1            ,              0 
 6            ,              0 
 6            ,              37 
 5            ,              38 
 5            ,              0 
 5            ,              31 
 1            ,              0 
 1            ,              3 
 1            ,              0 
 8            ,              22 
 8            ,              22 
 7            ,              22 
 8            ,              22 
 8            ,              22 
 1            ,              0 
 1            ,              3 
 1            ,              0 
 1            ,              0 
 1            ,              11 
 1            ,              0 
 1            ,              0 
 6            ,              0 
 2            ,              0 
 2            ,              43 
 5            ,              0 
 5            ,              0 
 5            ,              31 
 1            ,              0 
 1            ,              11 
 1            ,              9 
 1            ,              0 
 1            ,              0 
 1            ,              0 
 1            ,              0 
 1            ,              0 
 1            ,              0 
 1            ,              0 
 1            ,              0 
 1            ,              0 
 1            ,              0 
 1            ,              0 
 6            ,              0 
 2            ,              0 
 2            ,              0 
 2            ,              35 
 5            ,              0 
 5            ,              0 
 1            ,              34 
 1            ,              9 
 1            ,              51 
 1            ,              9 
 1            ,              0 
 1            ,              0 
 1            ,              3 
 1            ,              0 
 1            ,              0 
 1            ,              0 
 1            ,              0 
 1            ,              0 
 1            ,              0 
 1            ,              0 
 6            ,              0 
 6            ,              39 
 2            ,              0 
 2            ,              0 
 5            ,              38 
 5            ,              0 
 5            ,              23 
 1            ,              0 
 1            ,              9 
 1            ,              0 
 1            ,              0 
 1            ,              0 
 1            ,              0 
 1            ,              0 
 1            ,              0 
 1            ,              0 
 1            ,              0 
 1            ,              33 
 5            ,              21 
 5            ,              21 
 6            ,              11 
 6            ,              0 
 2            ,              44 
 2            ,              0 
 2            ,              43 
 5            ,              0 
 5            ,              23 
 1            ,              0 
 1            ,              11 
 1            ,              0 
 1            ,              0 
 1            ,              0 
 1            ,              0 
 1            ,              0 
 1            ,              11 
 1            ,              0 
 1            ,              0 
 5            ,              24 
 5            ,              25 
 6            ,              11 
2
2
2
2
2
2
2
2
2
2
2
2
2
2
2
2
2
2
2
2
2
2
2
2
2
2
2
2
1
1
1
1
1
1
1
1
1
1
2
2
2
2
2
2
2
1
1
1
1
1
1
1
1
1
1
1
1
1
1
2
2
2
2
2
1
1
1
1
1
1
1
1
1
1
1
1
1
1
1
2
2
2
2
1
1
1
1
1
2
2
2
2
2
1
1
1
1
1
1
1
2
2
1
1
1
1
1
1
2
2
2
2
2
1
1
1
1
1
1
1
2
2
1
1
1
1
1
1
2
2
2
2
2
1
1
1
1
1
1
1
2
2
2
1
1
1
2
1
2
2
3
2
2
1
2
1
1
1
1
1
2
2
2
1
1
1
1
1
1
1
1
1
1
1
1
1
1
1
1
1
2
2
2
1
1
1
1
1
h
1
1
1
2
1
1
1
1
1
1
1
2
2
2
2
2
1
1
1
1
1
1
1
1
1
1
1
1
1
1
1
2
2
2
2
2
1
1
1
1
1
1
1
1
1
1
1
1
1
2
2
SET.1
.      This is               Closed!







