7
10
NONE
3
NONE
 10 
 10 
 2            ,              0 
 2            ,              0 
 2            ,              0 
 2            ,              0 
 2            ,              0 
 2            ,              0 
 2            ,              0 
 2            ,              0 
 2            ,              0 
 2            ,              0 
 2            ,              0 
 2            ,              0 
 2            ,              0 
 2            ,              0 
 2            ,              0 
 2            ,              33 
 5            ,              23 
 1            ,              0 
 1            ,              0 
 1            ,              0 
 2            ,              0 
 2            ,              0 
 2            ,              0 
 2            ,              0 
 2            ,              0 
 2            ,              0 
 2            ,              0 
 2            ,              0 
 2            ,              0 
 2            ,              0 
 2            ,              0 
 2            ,              0 
 2            ,              0 
 2            ,              0 
 2            ,              43 
 5            ,              0 
 5            ,              23 
 1            ,              0 
 1            ,              11 
 1            ,              0 
 2            ,              0 
 2            ,              0 
 2            ,              0 
 2            ,              0 
 2            ,              0 
 2            ,              0 
 2            ,              0 
 2            ,              0 
 2            ,              0 
 2            ,              0 
 2            ,              0 
 2            ,              0 
 2            ,              0 
 2            ,              0 
 2            ,              33 
 5            ,              0 
 5            ,              29 
 1            ,              4 
 1            ,              0 
 1            ,              0 
 2            ,              0 
 2            ,              0 
 2            ,              0 
 2            ,              0 
 2            ,              0 
 2            ,              0 
 2            ,              0 
 2            ,              0 
 2            ,              0 
 2            ,              0 
 2            ,              0 
 2            ,              0 
 2            ,              0 
 5            ,              40 
 5            ,              0 
 5            ,              23 
 1            ,              0 
 1            ,              0 
 1            ,              0 
 1            ,              3 
 2            ,              0 
 2            ,              0 
 2            ,              0 
 2            ,              0 
 2            ,              0 
 2            ,              0 
 2            ,              0 
 2            ,              0 
 2            ,              0 
 2            ,              0 
 2            ,              0 
 2            ,              42 
 2            ,              33 
 5            ,              0 
 5            ,              22 
 5            ,              29 
 1            ,              0 
 1            ,              11 
 1            ,              0 
 1            ,              0 
 2            ,              0 
 2            ,              0 
 2            ,              0 
 2            ,              0 
 2            ,              0 
 2            ,              0 
 2            ,              0 
 2            ,              0 
 2            ,              0 
 2            ,              0 
 2            ,              33 
 5            ,              0 
 5            ,              0 
 5            ,              29 
 1            ,              0 
 1            ,              0 
 1            ,              3 
 1            ,              0 
 1            ,              0 
 1            ,              0 
 2            ,              0 
 2            ,              0 
 2            ,              0 
 2            ,              0 
 2            ,              0 
 2            ,              0 
 2            ,              0 
 2            ,              0 
 2            ,              0 
 2            ,              43 
 5            ,              0 
 5            ,              0 
 5            ,              0 
 5            ,              31 
 1            ,              11 
 1            ,              0 
 1            ,              0 
 1            ,              0 
 1            ,              0 
 1            ,              11 
 2            ,              0 
 2            ,              0 
 2            ,              0 
 2            ,              0 
 2            ,              0 
 2            ,              0 
 2            ,              0 
 2            ,              0 
 2            ,              0 
 2            ,              33 
 5            ,              0 
 5            ,              0 
 5            ,              11 
 5            ,              0 
 1            ,              34 
 1            ,              0 
 1            ,              0 
 1            ,              0 
 1            ,              0 
 1            ,              0 
 2            ,              0 
 2            ,              0 
 2            ,              0 
 2            ,              0 
 2            ,              0 
 2            ,              0 
 2            ,              0 
 2            ,              0 
 2            ,              43 
 5            ,              0 
 5            ,              0 
 5            ,              16 
 5            ,              0 
 5            ,              0 
 5            ,              0 
 5            ,              31 
 5            ,              32 
 5            ,              21 
 5            ,              21 
 5            ,              21 
 2            ,              0 
 2            ,              0 
 2            ,              0 
 2            ,              0 
 2            ,              0 
 2            ,              0 
 2            ,              0 
 2            ,              0 
 2            ,              43 
 5            ,              0 
 5            ,              0 
 5            ,              0 
 5            ,              0 
 5            ,              0 
 5            ,              0 
 5            ,              16 
 5            ,              0 
 5            ,              0 
 5            ,              11 
 5            ,              16 
 2            ,              0 
 2            ,              0 
 2            ,              0 
 2            ,              0 
 2            ,              0 
 2            ,              0 
 2            ,              0 
 2            ,              0 
 2            ,              43 
 5            ,              0 
 5            ,              0 
 5            ,              0 
 5            ,              0 
 5            ,              16 
 5            ,              0 
 5            ,              0 
 5            ,              0 
 5            ,              16 
 5            ,              0 
 5            ,              0 
 2            ,              0 
 2            ,              0 
 2            ,              0 
 2            ,              0 
 2            ,              0 
 2            ,              0 
 2            ,              0 
 2            ,              0 
 2            ,              43 
 5            ,              0 
 5            ,              16 
 5            ,              0 
 5            ,              0 
 5            ,              0 
 5            ,              11 
 5            ,              0 
 5            ,              0 
 5            ,              0 
 5            ,              0 
 5            ,              0 
2
2
2
2
2
2
2
2
2
2
2
2
2
2
2
1
1
1
1
1
2
2
2
2
2
2
2
2
2
2
2
2
2
2
2
1
1
1
1
1
2
2
2
2
2
2
2
2
2
2
2
2
2
2
1
1
1
2
1
1
2
2
2
2
2
2
2
2
2
2
2
2
2
2
1
a
1
1
1
2
2
2
2
2
2
2
2
2
2
2
2
2
1
1
1
1
1
1
1
1
2
2
2
2
2
2
2
2
2
2
1
1
1
1
1
1
2
1
1
1
2
2
2
2
2
2
2
2
2
2
1
1
a
1
1
1
1
1
1
1
2
2
2
2
2
2
2
2
2
1
1
1
1
1
1
1
a
1
1
1
2
2
2
2
2
2
2
2
2
1
1
2
1
1
1
1
1
1
1
1
2
2
2
2
2
2
2
2
2
1
1
1
1
1
1
2
1
1
1
2
2
2
2
2
2
2
2
2
2
1
1
1
1
2
1
1
1
2
1
1
2
2
2
2
2
2
2
2
2
1
2
1
1
1
1
1
1
1
1
1
SET.1








