NONE
5
6
NONE
u3
 6 
 3 
 5            ,              3 
 5            ,              3 
 6            ,              42 
 6            ,              11 
 6            ,              0 
 6            ,              0 
 6            ,              0 
 6            ,              0 
 6            ,              42 
 6            ,              42 
 6            ,              11 
 6            ,              42 
 6            ,              42 
 6            ,              11 
 6            ,              42 
 6            ,              0 
 6            ,              11 
 6            ,              0 
 6            ,              0 
 6            ,              11 
 5            ,              4 
 5            ,              3 
 5            ,              3 
 6            ,              42 
 6            ,              42 
 14           ,              42 
 6            ,              42 
 6            ,              33 
 5            ,              22 
 5            ,              22 
 5            ,              22 
 5            ,              22 
 5            ,              22 
 5            ,              22 
 5            ,              0 
 6            ,              34 
 6            ,              42 
 6            ,              0 
 6            ,              11 
 6            ,              0 
 1            ,              4 
 1            ,              3 
 5            ,              4 
 5            ,              4 
 5            ,              22 
 5            ,              22 
 5            ,              22 
 5            ,              29 
 1            ,              0 
 1            ,              0 
 1            ,              0 
 1            ,              0 
 1            ,              11 
 1            ,              0 
 5            ,              30 
 5            ,              22 
 5            ,              0 
 6            ,              34 
 6            ,              0 
 6            ,              0 
 1            ,              4 
 1            ,              4 
 1            ,              4 
 1            ,              0 
 1            ,              0 
 1            ,              0 
 1            ,              0 
 1            ,              0 
 1            ,              0 
 1            ,              11 
 1            ,              0 
 1            ,              0 
 1            ,              0 
 1            ,              0 
 1            ,              0 
 1            ,              0 
 5            ,              30 
 5            ,              0 
 6            ,              0 
 6            ,              11 
 1            ,              0 
 1            ,              0 
 1            ,              0 
 1            ,              0 
 1            ,              0 
 1            ,              11 
 1            ,              0 
 1            ,              37 
 2            ,              0 
 2            ,              0 
 2            ,              0 
 2            ,              0 
 2            ,              0 
 1            ,              38 
 1            ,              0 
 1            ,              11 
 1            ,              0 
 5            ,              24 
 6            ,              0 
 6            ,              0 
 1            ,              0 
 1            ,              0 
 1            ,              0 
 1            ,              0 
 1            ,              0 
 1            ,              0 
 1            ,              0 
 2            ,              0 
 2            ,              0 
 2            ,              0 
 2            ,              11 
 2            ,              0 
 2            ,              0 
 2            ,              0 
 1            ,              0 
 1            ,              0 
 1            ,              0 
 5            ,              24 
 6            ,              0 
 6            ,              0 
 1            ,              0 
 1            ,              11 
 1            ,              0 
 1            ,              0 
 1            ,              0 
 1            ,              3 
 1            ,              0 
 1            ,              39 
 2            ,              0 
 2            ,              0 
 2            ,              0 
 2            ,              0 
 2            ,              11 
 1            ,              40 
 1            ,              0 
 1            ,              3 
 5            ,              32 
 5            ,              0 
 6            ,              0 
 6            ,              11 
 1            ,              0 
 1            ,              0 
 1            ,              0 
 1            ,              11 
 1            ,              0 
 1            ,              0 
 1            ,              0 
 1            ,              0 
 1            ,              39 
 2            ,              11 
 2            ,              0 
 2            ,              0 
 1            ,              40 
 1            ,              0 
 1            ,              11 
 5            ,              32 
 5            ,              0 
 6            ,              36 
 6            ,              0 
 6            ,              0 
 1            ,              0 
 1            ,              0 
 1            ,              0 
 1            ,              0 
 1            ,              0 
 1            ,              0 
 1            ,              0 
 1            ,              3 
 1            ,              0 
 1            ,              0 
 1            ,              0 
 1            ,              0 
 1            ,              0 
 1            ,              3 
 5            ,              32 
 5            ,              0 
 6            ,              36 
 6            ,              0 
 2            ,              28 
 2            ,              0 
 1            ,              11 
 5            ,              32 
 5            ,              21 
 5            ,              21 
 5            ,              21 
 5            ,              21 
 5            ,              21 
 5            ,              21 
 5            ,              21 
 5            ,              21 
 5            ,              21 
 5            ,              21 
 5            ,              21 
 5            ,              21 
 5            ,              25 
 6            ,              0 
 2            ,              28 
 2            ,              0 
 2            ,              0 
 2            ,              25 
 5            ,              21 
 5            ,              0 
 5            ,              0 
 5            ,              25 
 6            ,              0 
 6            ,              0 
 6            ,              11 
 6            ,              0 
 6            ,              0 
 6            ,              11 
 6            ,              0 
 6            ,              0 
 6            ,              0 
 6            ,              0 
 2            ,              28 
 2            ,              0 
 2            ,              0 
 2            ,              25 
 6            ,              0 
 6            ,              11 
 6            ,              11 
 6            ,              0 
 6            ,              0 
 6            ,              11 
 6            ,              0 
 6            ,              0 
 6            ,              0 
 6            ,              0 
 6            ,              11 
 6            ,              0 
 6            ,              0 
 6            ,              0 
 6            ,              11 
 2            ,              28 
 2            ,              0 
 2            ,              25 
 6            ,              0 
 6            ,              11 
 6            ,              0 
 6            ,              0 
2
2
2
2
2
2
2
2
2
2
2
2
2
2
2
2
2
2
2
2
2
2
2
2
2
3
2
1
1
1
1
1
1
1
1
1
2
2
2
2
2
2
2
2
1
1
1
1
1
1
a
1
1
1
1
1
1
1
2
2
2
2
2
1
1
1
1
1
1
1
1
1
1
1
1
1
1
1
2
2
1
1
1
1
1
1
1
2
2
2
2
2
2
2
1
1
1
1
2
2
1
1
1
1
1
1
1
2
2
2
2
2
2
2
1
1
1
1
2
2
1
1
1
a
1
2
1
2
2
2
2
2
2
2
1
2
1
1
2
2
1
1
1
1
1
1
1
1
2
2
2
2
2
1
1
1
1
1
2
2
1
1
1
1
1
1
1
2
1
1
1
1
1
2
1
1
1
2
2
2
1
1
1
1
1
1
1
1
1
1
a
1
1
1
2
2
2
2
2
2
1
1
1
2
2
2
2
2
2
2
2
2
2
2
2
2
2
2
2
2
2
2
2
2
2
2
2
2
2
2
2
2
2
2
2
2
2
2
2
2
SET.1








