NONE
NONE
NONE
NONE
17
 11 
 8 
 49           ,              0 
 49           ,              0 
 49           ,              0 
 49           ,              0 
 49           ,              0 
 49           ,              0 
 49           ,              0 
 49           ,              0 
 49           ,              0 
 49           ,              0 
 49           ,              0 
 49           ,              0 
 49           ,              0 
 49           ,              0 
 49           ,              0 
 49           ,              0 
 49           ,              0 
 49           ,              0 
 49           ,              0 
 49           ,              0 
 49           ,              0 
 49           ,              0 
 49           ,              0 
 49           ,              0 
 49           ,              0 
 49           ,              0 
 49           ,              0 
 49           ,              0 
 49           ,              0 
 49           ,              0 
 49           ,              0 
 49           ,              0 
 49           ,              0 
 49           ,              0 
 49           ,              0 
 49           ,              0 
 49           ,              0 
 49           ,              0 
 49           ,              0 
 49           ,              0 
 49           ,              0 
 49           ,              0 
 49           ,              0 
 49           ,              0 
 49           ,              0 
 49           ,              0 
 49           ,              0 
 49           ,              0 
 49           ,              0 
 49           ,              0 
 49           ,              0 
 49           ,              0 
 49           ,              0 
 49           ,              0 
 49           ,              0 
 49           ,              0 
 49           ,              0 
 49           ,              0 
 49           ,              0 
 49           ,              0 
 49           ,              0 
 49           ,              0 
 49           ,              0 
 49           ,              0 
 49           ,              0 
 49           ,              0 
 49           ,              0 
 12           ,              13 
 2            ,              0 
 2            ,              0 
 2            ,              6 
 2            ,              0 
 2            ,              0 
 14           ,              0 
 49           ,              0 
 49           ,              0 
 49           ,              0 
 49           ,              0 
 49           ,              0 
 49           ,              0 
 49           ,              0 
 49           ,              0 
 49           ,              0 
 49           ,              0 
 49           ,              0 
 49           ,              0 
 49           ,              0 
 4            ,              0 
 1            ,              8 
 1            ,              0 
 1            ,              0 
 1            ,              0 
 1            ,              0 
 5            ,              0 
 49           ,              0 
 49           ,              0 
 49           ,              0 
 49           ,              0 
 49           ,              0 
 49           ,              0 
 49           ,              0 
 49           ,              0 
 49           ,              0 
 49           ,              0 
 49           ,              0 
 49           ,              0 
 49           ,              0 
 4            ,              0 
 1            ,              9 
 1            ,              0 
 1            ,              0 
 1            ,              15 
 1            ,              16 
 5            ,              0 
 49           ,              0 
 49           ,              0 
 49           ,              0 
 49           ,              0 
 49           ,              0 
 49           ,              0 
 49           ,              0 
 49           ,              0 
 49           ,              0 
 49           ,              0 
 49           ,              0 
 49           ,              0 
 49           ,              0 
 4            ,              0 
 1            ,              51 
 1            ,              51 
 1            ,              51 
 1            ,              51 
 1            ,              0 
 5            ,              0 
 49           ,              0 
 49           ,              0 
 49           ,              0 
 49           ,              0 
 49           ,              0 
 49           ,              0 
 49           ,              0 
 49           ,              0 
 49           ,              0 
 49           ,              0 
 49           ,              0 
 49           ,              0 
 49           ,              0 
 4            ,              0 
 1            ,              51 
 1            ,              17 
 1            ,              19 
 1            ,              18 
 1            ,              0 
 5            ,              0 
 49           ,              0 
 49           ,              0 
 49           ,              0 
 49           ,              0 
 49           ,              0 
 49           ,              0 
 49           ,              0 
 49           ,              0 
 49           ,              0 
 49           ,              0 
 49           ,              0 
 49           ,              0 
 49           ,              0 
 6            ,              11 
 3            ,              0 
 3            ,              0 
 3            ,              7 
 3            ,              0 
 3            ,              0 
 12           ,              0 
 49           ,              0 
 49           ,              0 
 49           ,              0 
 49           ,              0 
 49           ,              0 
 49           ,              0 
 49           ,              0 
 49           ,              0 
 49           ,              0 
 49           ,              0 
 49           ,              0 
 49           ,              0 
 49           ,              0 
 49           ,              0 
 49           ,              0 
 49           ,              0 
 49           ,              0 
 49           ,              0 
 49           ,              0 
 49           ,              0 
 49           ,              0 
 49           ,              0 
 49           ,              0 
 49           ,              0 
 49           ,              0 
 49           ,              0 
 49           ,              0 
 49           ,              0 
 49           ,              0 
 49           ,              0 
 49           ,              0 
 49           ,              0 
 49           ,              0 
 49           ,              0 
 49           ,              0 
 49           ,              0 
 49           ,              0 
 49           ,              0 
 49           ,              51 
 49           ,              0 
 49           ,              0 
 49           ,              0 
 49           ,              0 
 49           ,              0 
 49           ,              0 
 49           ,              0 
 49           ,              0 
 49           ,              0 
 49           ,              0 
 49           ,              0 
 49           ,              0 
 49           ,              0 
 49           ,              0 
 49           ,              0 
 49           ,              0 
 49           ,              0 
 49           ,              0 
 49           ,              0 
 49           ,              0 
 49           ,              0 
 49           ,              0 
 49           ,              0 
 49           ,              0 
 49           ,              0 
 49           ,              0 
 49           ,              0 
1
1
1
1
1
1
1
1
1
1
1
1
1
1
1
1
1
1
1
1
1
1
1
1
1
1
1
1
1
1
1
1
1
1
1
1
1
1
1
1
1
1
1
1
1
1
1
1
1
1
1
1
1
1
1
1
1
1
1
1
1
1
1
1
1
1
1
2
2
2
2
2
2
2
1
1
1
1
1
1
1
1
1
1
1
1
1
2
2
1
1
1
1
2
1
1
1
1
1
1
1
1
1
1
1
1
1
2
2
1
1
2
2
2
1
1
1
1
1
1
1
1
1
1
1
1
1
2
1
1
1
1
1
2
1
1
1
1
1
1
1
1
1
1
1
1
1
2
1
1
1
1
1
2
1
1
1
1
1
1
1
1
1
1
1
1
1
2
2
2
3
2
2
2
1
1
1
1
1
1
1
1
1
1
1
1
1
1
1
1
1
1
1
1
1
1
1
1
1
1
1
1
1
1
1
1
1
1
1
1
1
1
1
1
1
1
1
1
1
1
1
1
1
1
1
1
1
1
1
1
1
1
1
1
1
1
1
1
1
1
SET.2








