NONE
NONE
u2
NONE
13
 9 
 11 
 6            ,              0 
 6            ,              0 
 6            ,              11 
 6            ,              0 
 6            ,              0 
 6            ,              0 
 6            ,              11 
 6            ,              0 
 6            ,              0 
 6            ,              0 
 6            ,              0 
 49           ,              26 
 49           ,              0 
 49           ,              0 
 49           ,              0 
 49           ,              0 
 49           ,              0 
 49           ,              0 
 49           ,              0 
 49           ,              0 
 5            ,              0 
 5            ,              0 
 5            ,              0 
 5            ,              0 
 5            ,              0 
 5            ,              11 
 5            ,              0 
 5            ,              0 
 5            ,              27 
 6            ,              0 
 6            ,              0 
 6            ,              11 
 49           ,              26 
 49           ,              0 
 49           ,              0 
 49           ,              0 
 49           ,              0 
 49           ,              0 
 49           ,              0 
 49           ,              0 
 5            ,              0 
 5            ,              0 
 5            ,              11 
 5            ,              0 
 5            ,              0 
 5            ,              0 
 5            ,              0 
 5            ,              0 
 5            ,              0 
 5            ,              27 
 6            ,              0 
 6            ,              0 
 6            ,              0 
 49           ,              26 
 49           ,              0 
 49           ,              0 
 49           ,              0 
 49           ,              0 
 49           ,              0 
 49           ,              0 
 5            ,              0 
 5            ,              0 
 5            ,              0 
 5            ,              0 
 5            ,              11 
 5            ,              0 
 5            ,              0 
 5            ,              0 
 5            ,              0 
 5            ,              0 
 6            ,              0 
 6            ,              0 
 6            ,              0 
 6            ,              0 
 49           ,              0 
 49           ,              0 
 49           ,              0 
 49           ,              0 
 49           ,              0 
 49           ,              0 
 6            ,              0 
 6            ,              0 
 6            ,              0 
 6            ,              0 
 5            ,              26 
 5            ,              0 
 5            ,              0 
 5            ,              11 
 5            ,              0 
 5            ,              0 
 6            ,              0 
 6            ,              0 
 6            ,              0 
 6            ,              0 
 49           ,              26 
 49           ,              0 
 49           ,              0 
 49           ,              0 
 49           ,              0 
 49           ,              0 
 6            ,              0 
 6            ,              0 
 6            ,              0 
 6            ,              0 
 6            ,              11 
 5            ,              26 
 5            ,              0 
 5            ,              0 
 5            ,              0 
 5            ,              0 
 6            ,              27 
 6            ,              0 
 6            ,              11 
 6            ,              0 
 6            ,              0 
 49           ,              0 
 49           ,              0 
 49           ,              0 
 49           ,              0 
 49           ,              0 
 49           ,              27 
 6            ,              0 
 6            ,              0 
 6            ,              0 
 6            ,              0 
 6            ,              0 
 5            ,              0 
 5            ,              0 
 5            ,              0 
 5            ,              0 
 6            ,              0 
 6            ,              0 
 6            ,              0 
 6            ,              0 
 6            ,              11 
 49           ,              0 
 49           ,              0 
 49           ,              0 
 49           ,              0 
 49           ,              0 
 49           ,              0 
 6            ,              0 
 6            ,              0 
 6            ,              0 
 6            ,              0 
 6            ,              0 
 5            ,              26 
 5            ,              0 
 5            ,              0 
 5            ,              11 
 6            ,              0 
 6            ,              27 
 6            ,              0 
 6            ,              0 
 6            ,              0 
 49           ,              26 
 49           ,              0 
 49           ,              0 
 49           ,              0 
 49           ,              0 
 49           ,              0 
 49           ,              27 
 6            ,              11 
 6            ,              0 
 6            ,              0 
 6            ,              0 
 6            ,              0 
 5            ,              11 
 5            ,              0 
 5            ,              25 
 6            ,              0 
 6            ,              0 
 6            ,              11 
 6            ,              0 
 6            ,              0 
 6            ,              0 
 49           ,              0 
 49           ,              0 
 49           ,              0 
 49           ,              0 
 49           ,              0 
 49           ,              0 
 49           ,              27 
 6            ,              0 
 6            ,              11 
 6            ,              0 
 6            ,              0 
 5            ,              0 
 5            ,              0 
 6            ,              0 
 6            ,              0 
 6            ,              0 
 6            ,              0 
 6            ,              0 
 6            ,              0 
 6            ,              11 
 49           ,              0 
 49           ,              0 
 49           ,              0 
 49           ,              0 
 49           ,              0 
 49           ,              0 
 49           ,              0 
 6            ,              0 
 6            ,              0 
 6            ,              0 
 6            ,              0 
 5            ,              0 
 5            ,              0 
 6            ,              0 
 6            ,              11 
 6            ,              0 
 6            ,              0 
 6            ,              0 
 6            ,              0 
 6            ,              0 
 49           ,              0 
 49           ,              0 
 49           ,              0 
 49           ,              0 
 49           ,              0 
 49           ,              0 
 49           ,              0 
 6            ,              0 
 6            ,              0 
 6            ,              0 
 6            ,              0 
 5            ,              26 
 5            ,              0 
 6            ,              51 
 6            ,              0 
 6            ,              0 
 6            ,              0 
 6            ,              11 
 6            ,              0 
 6            ,              0 
 49           ,              0 
 49           ,              0 
 49           ,              0 
 49           ,              0 
2
2
2
2
2
2
2
2
2
2
2
2
2
2
2
2
2
2
2
2
1
1
1
1
1
1
1
1
2
2
2
2
2
2
2
2
2
2
2
2
1
1
1
1
1
1
1
1
1
2
2
2
2
2
2
2
2
2
2
2
1
1
1
1
1
1
1
1
1
1
2
2
2
2
2
2
2
2
2
2
2
2
2
2
2
1
1
1
1
1
2
2
2
2
2
2
2
2
2
2
2
2
2
2
2
2
1
1
1
1
2
2
2
2
2
2
2
2
2
2
2
2
2
2
2
2
1
1
1
1
2
2
2
2
2
2
2
2
2
2
2
2
2
2
2
2
2
1
1
1
2
2
2
2
2
2
2
2
2
2
2
2
2
2
2
2
2
1
1
2
2
2
2
2
2
2
2
2
2
2
2
2
2
2
2
2
2
1
1
2
2
2
2
2
2
2
2
2
2
2
2
2
2
2
2
2
2
1
1
2
2
2
2
2
2
2
2
2
2
2
2
2
2
2
2
2
2
2
3
2
2
2
2
2
2
2
2
2
2
2
SET.1








