NONE
u15
NONE
NONE
1
 12 
 12 
 49           ,              0 
 49           ,              0 
 49           ,              0 
 49           ,              0 
 49           ,              0 
 49           ,              0 
 49           ,              0 
 49           ,              0 
 49           ,              0 
 49           ,              0 
 49           ,              51 
 49           ,              51 
 49           ,              0 
 49           ,              0 
 49           ,              51 
 49           ,              0 
 49           ,              0 
 49           ,              0 
 49           ,              0 
 49           ,              0 
 49           ,              0 
 49           ,              0 
 6            ,              0 
 6            ,              0 
 6            ,              0 
 6            ,              0 
 6            ,              0 
 6            ,              0 
 6            ,              0 
 6            ,              0 
 6            ,              51 
 6            ,              0 
 6            ,              0 
 6            ,              0 
 6            ,              51 
 6            ,              0 
 6            ,              0 
 6            ,              0 
 6            ,              51 
 49           ,              0 
 49           ,              0 
 6            ,              0 
 5            ,              28 
 5            ,              0 
 5            ,              0 
 5            ,              0 
 5            ,              0 
 5            ,              0 
 5            ,              0 
 5            ,              51 
 5            ,              0 
 5            ,              51 
 5            ,              0 
 5            ,              51 
 5            ,              0 
 5            ,              0 
 5            ,              0 
 5            ,              0 
 5            ,              27 
 6            ,              0 
 49           ,              0 
 6            ,              0 
 5            ,              0 
 5            ,              0 
 5            ,              0 
 5            ,              0 
 5            ,              0 
 5            ,              0 
 5            ,              0 
 5            ,              0 
 5            ,              0 
 5            ,              0 
 5            ,              0 
 5            ,              0 
 5            ,              0 
 5            ,              0 
 5            ,              0 
 5            ,              0 
 5            ,              0 
 6            ,              51 
 49           ,              0 
 6            ,              0 
 5            ,              0 
 5            ,              0 
 5            ,              0 
 5            ,              0 
 5            ,              0 
 5            ,              0 
 5            ,              26 
 5            ,              0 
 5            ,              0 
 5            ,              0 
 5            ,              0 
 5            ,              0 
 5            ,              51 
 5            ,              0 
 5            ,              0 
 5            ,              51 
 5            ,              0 
 6            ,              0 
 49           ,              0 
 6            ,              0 
 5            ,              0 
 5            ,              0 
 5            ,              0 
 5            ,              0 
 5            ,              0 
 5            ,              0 
 6            ,              0 
 5            ,              26 
 5            ,              0 
 5            ,              25 
 5            ,              26 
 5            ,              51 
 5            ,              0 
 5            ,              0 
 5            ,              51 
 5            ,              0 
 5            ,              0 
 6            ,              51 
 49           ,              0 
 6            ,              0 
 5            ,              0 
 5            ,              0 
 5            ,              0 
 5            ,              0 
 5            ,              0 
 5            ,              25 
 6            ,              0 
 6            ,              0 
 6            ,              0 
 6            ,              0 
 5            ,              28 
 5            ,              51 
 5            ,              0 
 5            ,              5 
 5            ,              0 
 5            ,              0 
 5            ,              0 
 6            ,              51 
 49           ,              0 
 6            ,              0 
 5            ,              0 
 5            ,              0 
 5            ,              0 
 5            ,              0 
 5            ,              0 
 5            ,              27 
 6            ,              0 
 6            ,              0 
 5            ,              28 
 5            ,              0 
 5            ,              0 
 5            ,              0 
 5            ,              0 
 5            ,              0 
 5            ,              0 
 5            ,              0 
 5            ,              51 
 6            ,              0 
 49           ,              0 
 6            ,              0 
 5            ,              26 
 5            ,              0 
 5            ,              0 
 5            ,              0 
 5            ,              0 
 5            ,              0 
 5            ,              0 
 5            ,              0 
 5            ,              51 
 5            ,              0 
 5            ,              0 
 5            ,              0 
 5            ,              0 
 5            ,              51 
 5            ,              0 
 5            ,              51 
 5            ,              25 
 6            ,              0 
 49           ,              0 
 49           ,              0 
 6            ,              0 
 6            ,              0 
 6            ,              0 
 5            ,              26 
 5            ,              0 
 5            ,              0 
 5            ,              0 
 5            ,              0 
 5            ,              0 
 5            ,              0 
 5            ,              0 
 5            ,              0 
 5            ,              51 
 5            ,              51 
 5            ,              25 
 6            ,              0 
 6            ,              0 
 49           ,              0 
 49           ,              0 
 49           ,              0 
 49           ,              0 
 49           ,              0 
 49           ,              0 
 6            ,              0 
 5            ,              26 
 5            ,              0 
 5            ,              0 
 5            ,              0 
 5            ,              51 
 5            ,              0 
 5            ,              51 
 5            ,              51 
 5            ,              0 
 5            ,              25 
 6            ,              0 
 49           ,              0 
 49           ,              51 
 49           ,              51 
 49           ,              0 
 49           ,              0 
 49           ,              0 
 49           ,              0 
 49           ,              0 
 49           ,              0 
 6            ,              0 
 5            ,              0 
 5            ,              0 
 5            ,              0 
 5            ,              0 
 5            ,              51 
 5            ,              0 
 5            ,              51 
 5            ,              0 
 6            ,              51 
 49           ,              0 
 49           ,              51 
 49           ,              0 
 49           ,              0 
2
2
2
2
2
2
2
2
2
2
2
2
2
2
2
2
2
2
2
2
2
2
2
2
2
2
2
2
2
2
2
2
2
2
2
2
2
2
2
2
2
2
2
1
1
1
1
1
1
1
1
1
1
1
1
1
1
1
2
2
2
2
1
1
1
1
1
1
1
1
1
1
1
1
1
1
1
1
1
2
2
2
1
1
1
1
1
1
2
1
1
1
1
1
1
1
1
1
1
2
2
2
`1
1
1
1
1
1
2
2
o
2
2
1
1
1
1
1
1
2
2
2
1
1
1
1
1
2
2
2
2
2
2
1
1
1
1
1
1
2
2
2
1
1
1
1
1
2
2
2
2
1
1
1
1
1
1
1
1
2
2
2
2
1
1
1
1
1
1
1
1
1
1
1
1
1
1
1
2
2
2
2
2
2
2
2
1
1
1
1
1
1
1
1
1
1
2
2
2
2
2
2
2
2
2
2
2
1
1
1
1
1
1
1
1
2
2
2
2
2
2
2
2
2
2
2
2
1
1
1
1
1
1
1
1
2
2
2
2
2
SET.1
.You got the key!! Nowgo find the maiden andsave her.







