u20
NONE
u18
NONE
1
 1 
 5 
 49           ,              0 
 49           ,              0 
 49           ,              0 
 49           ,              0 
 49           ,              0 
 49           ,              0 
 49           ,              0 
 49           ,              0 
 6            ,              0 
 5            ,              0 
 6            ,              0 
 49           ,              51 
 49           ,              0 
 49           ,              0 
 49           ,              51 
 49           ,              0 
 49           ,              0 
 49           ,              0 
 49           ,              0 
 49           ,              0 
 49           ,              0 
 49           ,              0 
 49           ,              0 
 49           ,              0 
 49           ,              0 
 49           ,              0 
 49           ,              0 
 49           ,              0 
 6            ,              0 
 5            ,              0 
 6            ,              51 
 49           ,              0 
 49           ,              0 
 49           ,              0 
 49           ,              51 
 49           ,              0 
 49           ,              0 
 49           ,              0 
 49           ,              51 
 49           ,              0 
 6            ,              0 
 6            ,              0 
 6            ,              0 
 6            ,              0 
 6            ,              0 
 49           ,              0 
 49           ,              0 
 49           ,              0 
 6            ,              0 
 5            ,              51 
 6            ,              0 
 49           ,              51 
 49           ,              0 
 49           ,              51 
 49           ,              0 
 49           ,              0 
 49           ,              0 
 49           ,              0 
 49           ,              0 
 49           ,              0 
 5            ,              0 
 5            ,              0 
 5            ,              0 
 5            ,              0 
 5            ,              27 
 6            ,              0 
 49           ,              0 
 49           ,              0 
 6            ,              0 
 5            ,              0 
 6            ,              0 
 49           ,              0 
 49           ,              0 
 6            ,              0 
 6            ,              51 
 6            ,              0 
 6            ,              0 
 6            ,              0 
 49           ,              0 
 49           ,              51 
 5            ,              0 
 5            ,              0 
 5            ,              0 
 5            ,              0 
 5            ,              0 
 5            ,              27 
 6            ,              0 
 6            ,              0 
 6            ,              0 
 5            ,              0 
 6            ,              0 
 6            ,              51 
 6            ,              0 
 5            ,              28 
 5            ,              51 
 5            ,              0 
 5            ,              0 
 5            ,              27 
 6            ,              0 
 49           ,              0 
 5            ,              0 
 5            ,              0 
 5            ,              0 
 5            ,              0 
 5            ,              0 
 5            ,              0 
 5            ,              0 
 5            ,              0 
 5            ,              0 
 5            ,              51 
 5            ,              0 
 5            ,              51 
 5            ,              0 
 5            ,              51 
 5            ,              0 
 5            ,              0 
 5            ,              51 
 5            ,              0 
 5            ,              27 
 6            ,              51 
 6            ,              0 
 5            ,              26 
 5            ,              0 
 5            ,              0 
 5            ,              0 
 5            ,              0 
 5            ,              0 
 5            ,              0 
 5            ,              0 
 5            ,              0 
 5            ,              0 
 5            ,              0 
 5            ,              0 
 5            ,              51 
 5            ,              0 
 5            ,              0 
 5            ,              51 
 5            ,              0 
 49           ,              5 
 6            ,              51 
 49           ,              0 
 6            ,              0 
 5            ,              26 
 5            ,              0 
 5            ,              0 
 5            ,              0 
 5            ,              0 
 5            ,              0 
 5            ,              0 
 5            ,              0 
 5            ,              51 
 5            ,              0 
 5            ,              0 
 5            ,              0 
 5            ,              51 
 5            ,              0 
 5            ,              0 
 5            ,              0 
 5            ,              51 
 6            ,              0 
 49           ,              0 
 49           ,              0 
 6            ,              0 
 5            ,              0 
 5            ,              0 
 5            ,              0 
 5            ,              0 
 5            ,              0 
 5            ,              51 
 5            ,              0 
 5            ,              51 
 5            ,              0 
 5            ,              0 
 5            ,              0 
 5            ,              0 
 5            ,              51 
 5            ,              0 
 5            ,              51 
 5            ,              51 
 6            ,              0 
 49           ,              0 
 49           ,              0 
 6            ,              0 
 6            ,              0 
 5            ,              26 
 5            ,              0 
 5            ,              0 
 5            ,              0 
 5            ,              0 
 5            ,              0 
 5            ,              0 
 5            ,              0 
 5            ,              0 
 5            ,              51 
 5            ,              51 
 5            ,              51 
 5            ,              0 
 5            ,              0 
 5            ,              25 
 6            ,              0 
 49           ,              0 
 49           ,              0 
 49           ,              0 
 49           ,              0 
 6            ,              0 
 6            ,              0 
 5            ,              26 
 5            ,              0 
 5            ,              0 
 5            ,              0 
 5            ,              51 
 5            ,              0 
 5            ,              51 
 5            ,              51 
 5            ,              25 
 6            ,              0 
 6            ,              0 
 6            ,              0 
 6            ,              51 
 49           ,              0 
 49           ,              0 
 49           ,              0 
 49           ,              0 
 49           ,              0 
 49           ,              0 
 49           ,              0 
 6            ,              0 
 6            ,              0 
 6            ,              0 
 6            ,              0 
 6            ,              0 
 6            ,              51 
 6            ,              0 
 6            ,              51 
 6            ,              0 
 49           ,              51 
 49           ,              0 
 49           ,              51 
 49           ,              0 
 49           ,              0 
2
2
2
2
2
2
2
2
2
1
2
2
2
2
2
2
2
2
2
2
2
2
2
2
2
2
2
2
2
1
2
2
2
2
2
2
2
2
2
2
2
2
2
2
2
2
2
2
2
1
2
2
2
2
2
2
2
2
2
2
1
1
1
1
2
2
2
2
2
o
2
2
2
2
2
2
2
2
2
2
1
1
1
1
1
2
2
2
2
1
2
2
2
2
1
1
1
2
2
2
1
1
1
1
d
1
1
1
1
1
1
1
1
1
1
1
d
1
2
2
2
2
1
1
1
1
1
1
1
a
1
1
1
1
1
1
1
1
1
2
2
2
2
1
b
1
1
1
1
1
1
1
1
1
1
1
1
1
1
2
2
2
2
1
1
1
1
1
1
1
1
1
1
1
1
1
1
1
1
2
2
2
2
2
2
1
1
1
1
1
1
1
b
1
1
1
1
1
2
2
2
2
2
2
2
2
2
1
1
1
1
1
1
1
2
2
2
2
2
2
2
2
2
2
2
2
2
2
2
2
2
2
2
2
2
2
2
2
2
2
SET.1
.You unlocked the door







