NONE
u6
u9
NONE
1
 10 
 11 
 49           ,              0 
 49           ,              0 
 49           ,              0 
 49           ,              0 
 49           ,              0 
 49           ,              0 
 49           ,              0 
 49           ,              0 
 49           ,              0 
 49           ,              0 
 49           ,              0 
 49           ,              51 
 49           ,              0 
 49           ,              0 
 49           ,              51 
 49           ,              0 
 49           ,              0 
 49           ,              0 
 49           ,              0 
 49           ,              0 
 49           ,              0 
 49           ,              0 
 49           ,              0 
 49           ,              0 
 49           ,              0 
 49           ,              0 
 49           ,              0 
 49           ,              0 
 49           ,              0 
 49           ,              0 
 49           ,              51 
 49           ,              0 
 49           ,              0 
 49           ,              0 
 49           ,              51 
 49           ,              0 
 49           ,              0 
 49           ,              0 
 49           ,              51 
 49           ,              0 
 49           ,              0 
 49           ,              0 
 49           ,              0 
 49           ,              0 
 49           ,              0 
 49           ,              0 
 49           ,              0 
 49           ,              0 
 49           ,              0 
 49           ,              51 
 49           ,              0 
 49           ,              51 
 49           ,              0 
 49           ,              51 
 49           ,              0 
 49           ,              0 
 49           ,              0 
 49           ,              0 
 49           ,              0 
 49           ,              0 
 6            ,              0 
 6            ,              0 
 6            ,              0 
 6            ,              0 
 49           ,              0 
 49           ,              0 
 49           ,              0 
 49           ,              0 
 49           ,              0 
 49           ,              0 
 49           ,              0 
 49           ,              0 
 49           ,              0 
 49           ,              0 
 49           ,              0 
 49           ,              0 
 49           ,              0 
 49           ,              0 
 49           ,              0 
 49           ,              51 
 5            ,              0 
 5            ,              0 
 5            ,              0 
 5            ,              27 
 6            ,              0 
 6            ,              0 
 6            ,              0 
 6            ,              0 
 6            ,              0 
 6            ,              0 
 6            ,              0 
 49           ,              0 
 49           ,              0 
 49           ,              0 
 49           ,              51 
 49           ,              0 
 49           ,              0 
 49           ,              51 
 49           ,              0 
 49           ,              0 
 5            ,              0 
 5            ,              0 
 5            ,              0 
 5            ,              0 
 5            ,              0 
 5            ,              0 
 5            ,              0 
 5            ,              0 
 5            ,              0 
 5            ,              51 
 5            ,              27 
 6            ,              0 
 49           ,              0 
 49           ,              51 
 49           ,              0 
 49           ,              0 
 49           ,              51 
 49           ,              0 
 49           ,              0 
 49           ,              51 
 5            ,              0 
 5            ,              0 
 5            ,              0 
 5            ,              0 
 5            ,              0 
 5            ,              0 
 5            ,              0 
 5            ,              0 
 5            ,              0 
 5            ,              0 
 5            ,              0 
 6            ,              0 
 49           ,              0 
 49           ,              51 
 49           ,              0 
 49           ,              0 
 49           ,              0 
 49           ,              0 
 49           ,              0 
 49           ,              51 
 5            ,              0 
 5            ,              0 
 5            ,              0 
 5            ,              0 
 5            ,              0 
 5            ,              0 
 5            ,              0 
 5            ,              0 
 5            ,              0 
 5            ,              0 
 5            ,              51 
 6            ,              0 
 49           ,              0 
 49           ,              0 
 49           ,              0 
 49           ,              0 
 49           ,              0 
 49           ,              0 
 49           ,              51 
 49           ,              0 
 6            ,              0 
 6            ,              0 
 6            ,              0 
 6            ,              0 
 5            ,              26 
 5            ,              0 
 5            ,              0 
 5            ,              0 
 5            ,              0 
 5            ,              0 
 5            ,              51 
 6            ,              0 
 49           ,              0 
 49           ,              0 
 49           ,              0 
 49           ,              51 
 49           ,              0 
 49           ,              51 
 49           ,              51 
 49           ,              0 
 49           ,              0 
 49           ,              0 
 49           ,              0 
 49           ,              0 
 6            ,              0 
 6            ,              0 
 5            ,              26 
 5            ,              0 
 5            ,              0 
 5            ,              0 
 5            ,              0 
 6            ,              0 
 49           ,              0 
 49           ,              0 
 49           ,              51 
 49           ,              51 
 49           ,              0 
 49           ,              0 
 49           ,              0 
 49           ,              0 
 49           ,              0 
 49           ,              0 
 49           ,              0 
 49           ,              0 
 49           ,              0 
 49           ,              0 
 6            ,              0 
 5            ,              26 
 5            ,              0 
 5            ,              0 
 5            ,              51 
 6            ,              0 
 49           ,              51 
 49           ,              51 
 49           ,              0 
 49           ,              0 
 49           ,              0 
 49           ,              0 
 49           ,              51 
 49           ,              0 
 49           ,              0 
 49           ,              0 
 49           ,              0 
 49           ,              0 
 49           ,              0 
 49           ,              0 
 49           ,              0 
 6            ,              0 
 5            ,              0 
 5            ,              0 
 5            ,              0 
 6            ,              51 
 49           ,              0 
 49           ,              51 
 49           ,              0 
 49           ,              51 
 49           ,              0 
 49           ,              51 
 49           ,              0 
 49           ,              0 
2
2
2
2
2
2
2
2
2
2
2
2
2
2
2
2
2
2
2
2
2
2
2
2
2
2
2
2
2
2
2
2
2
2
2
2
2
2
2
2
2
2
d
2
2
2
2
2
2
2
2
2
2
2
2
d
2
2
2
2
2
2
2
2
2
2
2
2
2
2
2
2
2
2
2
2
2
2
2
2
1
1
1
2
2
2
2
2
2
2
2
2
2
2
2
2
2
2
2
2
1
1
1
1
1
1
1
1
1
1
2
2
2
2
2
2
2
2
2
2
1
1
1
1
1
1
1
1
1
1
1
2
2
2
2
2
2
2
2
2
1
1
1
1
1
1
1
1
1
1
1
2
2
2
2
2
2
2
2
2
2
2
2
2
2
1
1
1
1
1
1
2
2
2
2
2
2
2
2
2
2
2
d
2
2
2
2
1
1
1
1
2
2
2
2
d
2
2
2
2
2
2
2
2
2
2
2
2
1
1
1
2
2
2
2
2
2
2
2
2
2
2
2
2
2
2
2
2
1
1
1
2
2
2
2
2
2
2
2
2
SET.1
.Welcome to the cave  of nothing.







